# gauge_id=     0 location=(   0.1000000E+00 ) num_eqn=  1
# Columns: level time q(1 ... num_eqn)
   02  0.0000000E+00  0.0000000E+00
   02  0.2500000E-01  0.0000000E+00
   03  0.5000000E-01  0.0000000E+00
   03  0.5625000E-01  0.0000000E+00
   03  0.6250000E-01  0.0000000E+00
   03  0.6875000E-01  0.0000000E+00
   03  0.7500000E-01  0.0000000E+00
   03  0.8125000E-01  0.0000000E+00
   03  0.8750000E-01  0.0000000E+00
   03  0.9375000E-01  0.0000000E+00
   03  0.1000000E+00  0.0000000E+00
   03  0.1067500E+00  0.0000000E+00
   03  0.1135000E+00  0.0000000E+00
   03  0.1202500E+00  0.0000000E+00
   03  0.1270000E+00  0.0000000E+00
   03  0.1337500E+00  0.1626770E-79
   03  0.1405000E+00  0.5732261E-47
   03  0.1472500E+00  0.5956280E-27
   03  0.1540000E+00  0.3153679E-15
   03  0.1597500E+00  0.1395707E-08
   03  0.1655000E+00  0.6723882E-05
   03  0.1712500E+00  0.6648872E-03
   03  0.1770000E+00  0.1018606E-01
   03  0.1827500E+00  0.5608587E-01
   03  0.1885000E+00  0.1636936E+00
   03  0.1942500E+00  0.3220051E+00
   03  0.2000000E+00  0.5032142E+00
   03  0.2067500E+00  0.7176363E+00
   03  0.2135000E+00  0.8919170E+00
   03  0.2202500E+00  0.9767906E+00
   03  0.2270000E+00  0.9969188E+00
   03  0.2337500E+00  0.9996493E+00
   03  0.2405000E+00  0.9999608E+00
   03  0.2472500E+00  0.9999956E+00
   03  0.2540000E+00  0.9999995E+00
   03  0.2597500E+00  0.9999999E+00
   03  0.2655000E+00  0.1000000E+01
   03  0.2712500E+00  0.1000000E+01
   03  0.2770000E+00  0.1000000E+01
   03  0.2827500E+00  0.1000000E+01
   03  0.2885000E+00  0.1000000E+01
   03  0.2942500E+00  0.1000000E+01
   03  0.3000000E+00  0.1000000E+01
   03  0.3067500E+00  0.1000000E+01
   03  0.3135000E+00  0.1000000E+01
   03  0.3202500E+00  0.1000000E+01
   03  0.3270000E+00  0.1000000E+01
   03  0.3337500E+00  0.1000000E+01
   03  0.3405000E+00  0.1000000E+01
   03  0.3472500E+00  0.1000000E+01
   03  0.3540000E+00  0.1000000E+01
   03  0.3597500E+00  0.1000000E+01
   03  0.3655000E+00  0.1000000E+01
   03  0.3712500E+00  0.1000000E+01
   03  0.3770000E+00  0.1000000E+01
   03  0.3827500E+00  0.1000000E+01
   03  0.3885000E+00  0.1000000E+01
   03  0.3942500E+00  0.1000000E+01
   03  0.4000000E+00  0.1000000E+01
   03  0.4067500E+00  0.1000000E+01
   03  0.4135000E+00  0.1000000E+01
   03  0.4202500E+00  0.1000000E+01
   02  0.4270000E+00  0.1000000E+01
   02  0.4540000E+00  0.1000000E+01
   02  0.4770000E+00  0.1000000E+01
   02  0.5000000E+00  0.1000000E+01
   02  0.5270000E+00  0.1000000E+01
   02  0.5540000E+00  0.1000000E+01
   02  0.5770000E+00  0.1000000E+01
   02  0.6000000E+00  0.1000000E+01
   02  0.6270000E+00  0.1000000E+01
   02  0.6540000E+00  0.1000000E+01
   02  0.6770000E+00  0.1000000E+01
   02  0.7000000E+00  0.1000000E+01
   02  0.7270000E+00  0.1000000E+01
   01  0.7540000E+00  0.1000000E+01
   01  0.8000000E+00  0.1000000E+01
   01  0.8540000E+00  0.1000000E+01
   01  0.9000000E+00  0.1000000E+01
   01  0.9540000E+00  0.1000000E+01
