# gauge_id=     1 location=(   0.5000000E+00 ) num_eqn=  1
# Columns: level time q(1 ... num_eqn)
   01  0.0000000E+00  0.0000000E+00
   01  0.1000000E+00  0.0000000E+00
   01  0.1540000E+00  0.0000000E+00
   01  0.2000000E+00  0.0000000E+00
   01  0.2540000E+00  0.0000000E+00
   01  0.3000000E+00  0.0000000E+00
   01  0.3540000E+00  0.0000000E+00
   01  0.4000000E+00  0.0000000E+00
   01  0.4540000E+00  0.0000000E+00
   01  0.5000000E+00  0.0000000E+00
   02  0.5540000E+00  0.0000000E+00
   02  0.5770000E+00  0.0000000E+00
   02  0.6000000E+00  0.0000000E+00
   02  0.6270000E+00  0.0000000E+00
   02  0.6540000E+00  0.0000000E+00
   02  0.6770000E+00  0.0000000E+00
   02  0.7000000E+00  0.0000000E+00
   02  0.7270000E+00  0.0000000E+00
   02  0.7540000E+00  0.0000000E+00
   02  0.7770000E+00  0.0000000E+00
   02  0.8000000E+00  0.0000000E+00
   03  0.8270000E+00  0.0000000E+00
   03  0.8337500E+00  0.0000000E+00
   03  0.8405000E+00  0.0000000E+00
   03  0.8472500E+00  0.0000000E+00
   03  0.8540000E+00  0.0000000E+00
   03  0.8597500E+00  0.0000000E+00
   03  0.8655000E+00  0.0000000E+00
   03  0.8712500E+00  0.0000000E+00
   03  0.8770000E+00  0.0000000E+00
   03  0.8827500E+00  0.0000000E+00
   03  0.8885000E+00  0.0000000E+00
   03  0.8942500E+00  0.0000000E+00
   03  0.9000000E+00  0.0000000E+00
   03  0.9067500E+00  0.0000000E+00
   03  0.9135000E+00  0.0000000E+00
   03  0.9202500E+00  0.0000000E+00
   03  0.9270000E+00  0.3890941E-81
   03  0.9337500E+00  0.3337822E-51
   03  0.9405000E+00  0.5886831E-31
   03  0.9472500E+00  0.5059848E-18
   03  0.9540000E+00  0.2312811E-10
   03  0.9597500E+00  0.4996589E-06
   03  0.9655000E+00  0.1192979E-03
   03  0.9712500E+00  0.2452426E-02
   03  0.9770000E+00  0.1550788E-01
   03  0.9827500E+00  0.5085418E-01
   03  0.9885000E+00  0.1232611E+00
   03  0.9942500E+00  0.2639641E+00
