# gauge_id= 1 location=(   0.5000000E+00 ) num_eqn=  1
# Columns: level time q(1 ... num_eqn)
   02  0.0000000E+00  0.1562130E-10
   02  0.2500000E-03  0.1485813E-10
   02  0.5000000E-03  0.1413142E-10
   02  0.7500000E-03  0.1343948E-10
   02  0.1000000E-02  0.1278067E-10
   02  0.5500000E-02  0.5050192E-11
   02  0.1000000E-01  0.1956778E-11
   02  0.1450000E-01  0.7431677E-12
   02  0.1900000E-01  0.2765403E-12
   02  0.2350000E-01  0.1007703E-12
   02  0.2800000E-01  0.3590193E-13
   02  0.3250000E-01  0.1250575E-13
   02  0.3700000E-01  0.4315375E-14
   02  0.4150000E-01  0.1467603E-14
   02  0.4600000E-01  0.4904858E-15
   02  0.5050000E-01  0.1610444E-15
   02  0.5500000E-01  0.5194649E-16
   02  0.5950000E-01  0.1646249E-16
   02  0.6400000E-01  0.5120245E-17
   02  0.6850000E-01  0.1579721E-17
   02  0.7300000E-01  0.4577882E-18
   02  0.7750000E-01  0.1054900E-18
   03  0.8200000E-01  0.3714800E-13
   03  0.8312500E-01  0.8328572E-13
   03  0.8425000E-01  0.1135970E-12
   03  0.8537500E-01  0.1383690E-12
   03  0.8650000E-01  0.5880553E-12
   03  0.8762500E-01  0.6218222E-10
   03  0.8875000E-01  0.5965099E-08
   03  0.8987500E-01  0.1517191E-06
   03  0.9100000E-01  0.2139387E-05
   03  0.9212500E-01  0.2076952E-04
   03  0.9325000E-01  0.1541158E-03
   03  0.9437500E-01  0.9311514E-03
   03  0.9550000E-01  0.4790274E-02
   03  0.9662500E-01  0.2173312E-01
   03  0.9775000E-01  0.8603719E-01
   03  0.9887500E-01  0.2404273E+00
   03  0.1000000E+00  0.4816851E+00
   03  0.1011250E+00  0.7418977E+00
   03  0.1022500E+00  0.9245983E+00
   03  0.1033750E+00  0.9934641E+00
   03  0.1045000E+00  0.9997705E+00
   03  0.1056250E+00  0.9999915E+00
   03  0.1067500E+00  0.9999997E+00
   03  0.1078750E+00  0.1000000E+01
   03  0.1090000E+00  0.1000000E+01
   03  0.1101250E+00  0.1000000E+01
   03  0.1112500E+00  0.1000000E+01
   03  0.1123750E+00  0.1000000E+01
   03  0.1135000E+00  0.1000000E+01
   03  0.1146250E+00  0.1000000E+01
   03  0.1157500E+00  0.1000000E+01
   03  0.1168750E+00  0.1000000E+01
   03  0.1180000E+00  0.1000000E+01
   03  0.1191250E+00  0.1000000E+01
   03  0.1202500E+00  0.1000000E+01
   03  0.1213750E+00  0.1000000E+01
   03  0.1225000E+00  0.1000000E+01
   03  0.1236250E+00  0.1000000E+01
   03  0.1247500E+00  0.1000000E+01
   03  0.1258750E+00  0.1000000E+01
   02  0.1270000E+00  0.1000000E+01
   02  0.1315000E+00  0.1000000E+01
   02  0.1360000E+00  0.1000000E+01
   02  0.1405000E+00  0.1000000E+01
   02  0.1450000E+00  0.1000000E+01
   02  0.1495000E+00  0.1000000E+01
   02  0.1540000E+00  0.1000000E+01
   02  0.1585000E+00  0.1000000E+01
   02  0.1630000E+00  0.1000000E+01
   02  0.1675000E+00  0.1000000E+01
   02  0.1720000E+00  0.1000000E+01
   02  0.1765000E+00  0.1000000E+01
   02  0.1810000E+00  0.1000000E+01
   02  0.1855000E+00  0.1000000E+01
   02  0.1900000E+00  0.1000000E+01
   02  0.1945000E+00  0.1000000E+01
   01  0.1990000E+00  0.1000000E+01
   01  0.2000000E+00  0.1000000E+01
   01  0.2180000E+00  0.1000000E+01
   01  0.2360000E+00  0.1000000E+01
   01  0.2540000E+00  0.1000000E+01
   01  0.2720000E+00  0.1000000E+01
   01  0.2900000E+00  0.1000000E+01
   01  0.3080000E+00  0.1000000E+01
   02  0.3260000E+00  0.1000000E+01
   02  0.3305000E+00  0.1000000E+01
   02  0.3350000E+00  0.1000000E+01
   02  0.3395000E+00  0.1000000E+01
   02  0.3440000E+00  0.1000000E+01
   02  0.3485000E+00  0.1000000E+01
   02  0.3530000E+00  0.1000000E+01
   02  0.3575000E+00  0.1000000E+01
   02  0.3620000E+00  0.1000000E+01
   02  0.3665000E+00  0.1000000E+01
   02  0.3710000E+00  0.1000000E+01
   02  0.3755000E+00  0.9999999E+00
   03  0.3800000E+00  0.9999995E+00
   03  0.3811250E+00  0.9999993E+00
   03  0.3822500E+00  0.9999990E+00
   03  0.3833750E+00  0.9999987E+00
   03  0.3845000E+00  0.9999976E+00
   03  0.3856250E+00  0.9999957E+00
   03  0.3867500E+00  0.9999942E+00
   03  0.3878750E+00  0.9999928E+00
   03  0.3890000E+00  0.9999867E+00
   03  0.3901250E+00  0.9999509E+00
   03  0.3912500E+00  0.9998056E+00
   03  0.3923750E+00  0.9992694E+00
   03  0.3935000E+00  0.9973546E+00
   03  0.3946250E+00  0.9906380E+00
   03  0.3957500E+00  0.9683453E+00
   03  0.3968750E+00  0.9135876E+00
   03  0.3980000E+00  0.8133858E+00
   03  0.3981250E+00  0.7990317E+00
   03  0.3982500E+00  0.7840670E+00
   03  0.3983750E+00  0.7685027E+00
   03  0.3985000E+00  0.7523490E+00
   03  0.3986250E+00  0.7356163E+00
   03  0.3987500E+00  0.7183166E+00
   03  0.3988750E+00  0.7004651E+00
   03  0.3990000E+00  0.6820835E+00
   03  0.3991250E+00  0.6631930E+00
   03  0.3992500E+00  0.6438168E+00
   03  0.3993750E+00  0.6239818E+00
   03  0.3995000E+00  0.6037201E+00
   03  0.3996250E+00  0.5830691E+00
   03  0.3997500E+00  0.5620725E+00
   03  0.3998750E+00  0.5407794E+00
   03  0.4000000E+00  0.5192449E+00
   03  0.4011250E+00  0.3269020E+00
   03  0.4022500E+00  0.1587883E+00
   03  0.4033750E+00  0.5167317E-01
   03  0.4045000E+00  0.8676432E-02
   03  0.4056250E+00  0.7482466E-03
   03  0.4067500E+00  0.4505754E-04
   03  0.4078750E+00  0.2176279E-05
   03  0.4090000E+00  0.9412280E-07
   03  0.4101250E+00  0.3867314E-08
   03  0.4112500E+00  0.1554080E-09
   03  0.4123750E+00  0.6188130E-11
   03  0.4135000E+00  0.2454922E-12
   03  0.4146250E+00  0.9724360E-14
   03  0.4157500E+00  0.3849568E-15
   03  0.4168750E+00  0.1523537E-16
   03  0.4180000E+00  0.6022982E-18
   03  0.4191250E+00  0.2294014E-19
   03  0.4202500E+00  0.1451433E-20
   03  0.4213750E+00  0.5108409E-21
   03  0.4225000E+00  0.2546496E-21
   03  0.4236250E+00  0.9676616E-22
   03  0.4247500E+00  0.4517634E-22
   03  0.4258750E+00  0.3978354E-22
   02  0.4270000E+00  0.1256362E-21
   02  0.4315000E+00  0.6661102E-21
   02  0.4360000E+00  0.2124312E-19
   02  0.4405000E+00  0.4285043E-18
   02  0.4450000E+00  0.6827633E-17
   02  0.4495000E+00  0.1069317E-15
   02  0.4540000E+00  0.1466305E-14
   02  0.4585000E+00  0.1520371E-13
   02  0.4630000E+00  0.1183912E-12
   02  0.4675000E+00  0.7514177E-12
   02  0.4720000E+00  0.5343236E-11
   02  0.4765000E+00  0.3226759E-10
   02  0.4810000E+00  0.1501995E-09
   02  0.4855000E+00  0.4416527E-09
   02  0.4900000E+00  0.8124638E-09
   02  0.4945000E+00  0.2129954E-08
   02  0.4990000E+00  0.4271801E-08
   02  0.5035000E+00  0.6548644E-08
   02  0.5080000E+00  0.9122058E-08
   02  0.5125000E+00  0.1856280E-07
   02  0.5170000E+00  0.3365946E-07
   02  0.5215000E+00  0.4965937E-07
   01  0.5260000E+00  0.1241519E-06
   01  0.5440000E+00  0.1323248E-05
   01  0.5620000E+00  0.1286054E-04
   01  0.5800000E+00  0.9822969E-04
   01  0.5980000E+00  0.6254125E-03
   01  0.6000000E+00  0.8157601E-03
   02  0.6180000E+00  0.3334110E-02
   02  0.6225000E+00  0.4860383E-02
   02  0.6270000E+00  0.6368747E-02
   02  0.6315000E+00  0.7796794E-02
   02  0.6360000E+00  0.1111355E-01
   02  0.6405000E+00  0.1601203E-01
   02  0.6450000E+00  0.2027372E-01
   02  0.6495000E+00  0.2416527E-01
   02  0.6540000E+00  0.2684873E-01
   02  0.6585000E+00  0.3261638E-01
   02  0.6630000E+00  0.4101968E-01
   02  0.6675000E+00  0.5559480E-01
   02  0.6720000E+00  0.7851612E-01
   02  0.6765000E+00  0.1096823E+00
   02  0.6810000E+00  0.1475892E+00
   02  0.6855000E+00  0.1909826E+00
   02  0.6900000E+00  0.2396700E+00
   02  0.6945000E+00  0.2941647E+00
   02  0.6990000E+00  0.3548883E+00
   02  0.7035000E+00  0.4216028E+00
   02  0.7080000E+00  0.4932432E+00
   02  0.7125000E+00  0.5680421E+00
   02  0.7170000E+00  0.6438056E+00
   02  0.7215000E+00  0.7185292E+00
   02  0.7260000E+00  0.7905267E+00
   02  0.7305000E+00  0.8577998E+00
   02  0.7350000E+00  0.9171918E+00
   02  0.7395000E+00  0.9610312E+00
   02  0.7440000E+00  0.9807588E+00
   02  0.7485000E+00  0.9831961E+00
   02  0.7530000E+00  0.9802452E+00
   02  0.7575000E+00  0.9685939E+00
   02  0.7620000E+00  0.9419316E+00
   02  0.7665000E+00  0.8988028E+00
   02  0.7710000E+00  0.8419671E+00
   02  0.7755000E+00  0.7750225E+00
   02  0.7800000E+00  0.7016506E+00
   02  0.7845000E+00  0.6251359E+00
   02  0.7890000E+00  0.5482195E+00
   02  0.7935000E+00  0.4731506E+00
   02  0.7980000E+00  0.4017728E+00
   02  0.7985000E+00  0.3941316E+00
   02  0.7990000E+00  0.3865572E+00
   02  0.7995000E+00  0.3790513E+00
   02  0.8000000E+00  0.3716154E+00
   02  0.8045000E+00  0.3080849E+00
   02  0.8090000E+00  0.2511517E+00
   02  0.8135000E+00  0.2013007E+00
   02  0.8180000E+00  0.1586215E+00
   02  0.8225000E+00  0.1228688E+00
   02  0.8270000E+00  0.9354548E-01
   02  0.8315000E+00  0.6998866E-01
   02  0.8360000E+00  0.5144782E-01
   02  0.8405000E+00  0.3714691E-01
   02  0.8450000E+00  0.2633406E-01
   02  0.8495000E+00  0.1832475E-01
   02  0.8540000E+00  0.1251730E-01
   02  0.8585000E+00  0.8401237E-02
   02  0.8630000E+00  0.5577183E-02
   02  0.8675000E+00  0.3739753E-02
   02  0.8720000E+00  0.2357801E-02
   02  0.8765000E+00  0.1368705E-02
   02  0.8810000E+00  0.8559280E-03
   02  0.8855000E+00  0.5552231E-03
   01  0.8900000E+00  0.5643344E-03
   01  0.9080000E+00 -0.6071502E-05
   01  0.9260000E+00 -0.4558462E-05
   01  0.9440000E+00 -0.1874598E-05
   01  0.9620000E+00 -0.3385275E-06
   01  0.9800000E+00 -0.9484717E-08
   02  0.9980000E+00  0.1588407E-08
   02  0.9985000E+00  0.1579773E-08
   02  0.9990000E+00  0.1570855E-08
   02  0.9995000E+00  0.1561835E-08
   02  0.1000000E+01  0.1552741E-08
   02  0.1004500E+01  0.1475914E-08
   02  0.1009000E+01  0.1422544E-08
   02  0.1013500E+01  0.1247354E-08
   02  0.1018000E+01  0.8130643E-09
   02  0.1022500E+01  0.4221658E-09
   02  0.1027000E+01  0.2980281E-09
   02  0.1031500E+01  0.2836567E-09
   02  0.1036000E+01  0.2328974E-09
   02  0.1040500E+01  0.1557678E-09
   02  0.1045000E+01  0.1241558E-09
   02  0.1049500E+01  0.2723371E-09
   02  0.1054000E+01  0.1364849E-08
   02  0.1058500E+01  0.7792653E-08
   02  0.1063000E+01  0.4202301E-07
   02  0.1067500E+01  0.2423020E-06
   02  0.1072000E+01  0.1266452E-05
   02  0.1076500E+01  0.5804447E-05
   03  0.1081000E+01  0.1780787E-04
   03  0.1082125E+01  0.2380376E-04
   03  0.1083250E+01  0.2974665E-04
   03  0.1084375E+01  0.3559420E-04
   03  0.1085500E+01  0.4326746E-04
   03  0.1086625E+01  0.5796174E-04
   03  0.1087750E+01  0.7908378E-04
   03  0.1088875E+01  0.1271533E-03
   03  0.1090000E+01  0.2659405E-03
   03  0.1091125E+01  0.9577259E-03
   03  0.1092250E+01  0.3384914E-02
   03  0.1093375E+01  0.1151558E-01
   03  0.1094500E+01  0.3227685E-01
   03  0.1095625E+01  0.7263847E-01
   03  0.1096750E+01  0.1374874E+00
   03  0.1097875E+01  0.2295373E+00
   03  0.1099000E+01  0.3477629E+00
   03  0.1100125E+01  0.4863285E+00
   03  0.1101250E+01  0.6347909E+00
   03  0.1102375E+01  0.7790387E+00
   03  0.1103500E+01  0.9008048E+00
   03  0.1104625E+01  0.9742562E+00
   03  0.1105750E+01  0.9983812E+00
   03  0.1106875E+01  0.9999330E+00
   03  0.1108000E+01  0.9999972E+00
   03  0.1109125E+01  0.9999999E+00
   03  0.1110250E+01  0.1000000E+01
   03  0.1111375E+01  0.1000000E+01
   03  0.1112500E+01  0.1000000E+01
   03  0.1113625E+01  0.1000000E+01
   03  0.1114750E+01  0.1000000E+01
   03  0.1115875E+01  0.1000000E+01
   03  0.1117000E+01  0.1000000E+01
   03  0.1118125E+01  0.1000000E+01
   03  0.1119250E+01  0.1000000E+01
   03  0.1120375E+01  0.1000000E+01
   03  0.1121500E+01  0.1000000E+01
   03  0.1122625E+01  0.1000000E+01
   03  0.1123750E+01  0.1000000E+01
   03  0.1124875E+01  0.1000000E+01
   02  0.1126000E+01  0.1000000E+01
   02  0.1130500E+01  0.1000000E+01
   02  0.1135000E+01  0.1000000E+01
   02  0.1139500E+01  0.1000000E+01
   02  0.1144000E+01  0.1000000E+01
   02  0.1148500E+01  0.1000000E+01
   02  0.1153000E+01  0.1000000E+01
   02  0.1157500E+01  0.1000000E+01
   02  0.1162000E+01  0.1000000E+01
   02  0.1166500E+01  0.1000000E+01
   02  0.1171000E+01  0.1000000E+01
   02  0.1175500E+01  0.1000000E+01
   02  0.1180000E+01  0.1000000E+01
   02  0.1184500E+01  0.1000000E+01
   02  0.1189000E+01  0.1000000E+01
   02  0.1193500E+01  0.1000000E+01
   02  0.1198000E+01  0.1000000E+01
   02  0.1198500E+01  0.1000000E+01
   02  0.1199000E+01  0.1000000E+01
   02  0.1199500E+01  0.1000000E+01
   02  0.1200000E+01  0.1000000E+01
   02  0.1204500E+01  0.1000000E+01
   02  0.1209000E+01  0.1000000E+01
   02  0.1213500E+01  0.1000000E+01
   01  0.1218000E+01  0.1000000E+01
   01  0.1236000E+01  0.1000000E+01
   01  0.1254000E+01  0.1000000E+01
   01  0.1272000E+01  0.1000000E+01
   01  0.1290000E+01  0.1000000E+01
   01  0.1308000E+01  0.1000000E+01
   02  0.1326000E+01  0.1000000E+01
   02  0.1330500E+01  0.1000000E+01
   02  0.1335000E+01  0.1000000E+01
   02  0.1339500E+01  0.1000000E+01
   02  0.1344000E+01  0.1000000E+01
   02  0.1348500E+01  0.1000000E+01
   02  0.1353000E+01  0.1000000E+01
   02  0.1357500E+01  0.1000000E+01
   02  0.1362000E+01  0.9999999E+00
   02  0.1366500E+01  0.9999995E+00
   02  0.1371000E+01  0.9999978E+00
   02  0.1375500E+01  0.9999907E+00
   03  0.1380000E+01  0.9999701E+00
   03  0.1381125E+01  0.9999588E+00
   03  0.1382250E+01  0.9999477E+00
   03  0.1383375E+01  0.9999374E+00
   03  0.1384500E+01  0.9999122E+00
   03  0.1385625E+01  0.9998775E+00
   03  0.1386750E+01  0.9998476E+00
   03  0.1387875E+01  0.9998220E+00
   03  0.1389000E+01  0.9997475E+00
   03  0.1390125E+01  0.9993464E+00
   03  0.1391250E+01  0.9978625E+00
   03  0.1392375E+01  0.9928820E+00
   03  0.1393500E+01  0.9796587E+00
   03  0.1394625E+01  0.9526713E+00
   03  0.1395750E+01  0.9072003E+00
   03  0.1396875E+01  0.8395566E+00
   03  0.1398000E+01  0.7481568E+00
   03  0.1398125E+01  0.7364834E+00
   03  0.1398250E+01  0.7245284E+00
   03  0.1398375E+01  0.7122973E+00
   03  0.1398500E+01  0.6997962E+00
   03  0.1398625E+01  0.6870314E+00
   03  0.1398750E+01  0.6740099E+00
   03  0.1398875E+01  0.6607382E+00
   03  0.1399000E+01  0.6472229E+00
   03  0.1399125E+01  0.6334706E+00
   03  0.1399250E+01  0.6194883E+00
   03  0.1399375E+01  0.6052832E+00
   03  0.1399500E+01  0.5908628E+00
   03  0.1399625E+01  0.5762348E+00
   03  0.1399750E+01  0.5614070E+00
   03  0.1399875E+01  0.5463880E+00
   03  0.1400000E+01  0.5311875E+00
   03  0.1401125E+01  0.3906439E+00
   03  0.1402250E+01  0.2502690E+00
   03  0.1403375E+01  0.1287569E+00
   03  0.1404500E+01  0.4660270E-01
   03  0.1405625E+01  0.9518160E-02
   03  0.1406750E+01  0.8614540E-03
   03  0.1407875E+01  0.5709125E-04
   03  0.1409000E+01  0.2996149E-05
   03  0.1410125E+01  0.1377353E-06
   03  0.1411250E+01  0.5910540E-08
   03  0.1412375E+01  0.2454319E-09
   03  0.1413500E+01  0.1004663E-10
   03  0.1414625E+01  0.4089403E-12
   03  0.1415750E+01  0.1662521E-13
   03  0.1416875E+01  0.6912052E-15
   03  0.1418000E+01  0.4770110E-16
   03  0.1419125E+01  0.2473274E-16
   03  0.1420250E+01  0.2446808E-16
   03  0.1421375E+01  0.2513861E-16
   03  0.1422500E+01  0.2558322E-16
   03  0.1423625E+01  0.2582397E-16
   03  0.1424750E+01  0.2659773E-16
   03  0.1425875E+01  0.2774352E-16
   02  0.1427000E+01  0.3506297E-16
   02  0.1431500E+01  0.9126012E-16
   02  0.1436000E+01  0.4453283E-15
   02  0.1440500E+01  0.2283911E-14
   02  0.1445000E+01  0.1114536E-13
   02  0.1449500E+01  0.5291887E-13
   02  0.1454000E+01  0.2541096E-12
   02  0.1458500E+01  0.1266736E-11
   02  0.1463000E+01  0.6437939E-11
   02  0.1467500E+01  0.3281690E-10
   02  0.1472000E+01  0.1770894E-09
   02  0.1476500E+01  0.8862327E-09
   02  0.1481000E+01  0.3666747E-08
   02  0.1485500E+01  0.1009531E-07
   02  0.1490000E+01  0.1732947E-07
   02  0.1494500E+01  0.3748366E-07
   02  0.1499000E+01  0.6956081E-07
   02  0.1503500E+01  0.1035631E-06
   02  0.1508000E+01  0.1397022E-06
   02  0.1512500E+01  0.2572981E-06
   02  0.1517000E+01  0.4428629E-06
   02  0.1521500E+01  0.6392636E-06
   01  0.1526000E+01  0.1520606E-05
   01  0.1544000E+01  0.1002459E-04
   01  0.1562000E+01  0.6127674E-04
   01  0.1580000E+01  0.3140858E-03
   01  0.1598000E+01  0.1379256E-02
   01  0.1600000E+01  0.1675693E-02
   02  0.1618000E+01  0.5426886E-02
   02  0.1622500E+01  0.7391951E-02
   02  0.1627000E+01  0.9227502E-02
   02  0.1631500E+01  0.1095984E-01
   02  0.1636000E+01  0.1425174E-01
   02  0.1640500E+01  0.1865140E-01
   02  0.1645000E+01  0.2258193E-01
   02  0.1649500E+01  0.2623446E-01
   02  0.1654000E+01  0.2883990E-01
   02  0.1658500E+01  0.3347754E-01
   02  0.1663000E+01  0.4024281E-01
   02  0.1667500E+01  0.5275802E-01
   02  0.1672000E+01  0.7387741E-01
   02  0.1676500E+01  0.1043320E+00
   02  0.1681000E+01  0.1429996E+00
   02  0.1685500E+01  0.1882683E+00
   02  0.1690000E+01  0.2390785E+00
   02  0.1694500E+01  0.2950625E+00
   02  0.1699000E+01  0.3561352E+00
   02  0.1703500E+01  0.4220527E+00
   02  0.1708000E+01  0.4922006E+00
   02  0.1712500E+01  0.5655875E+00
   02  0.1717000E+01  0.6409499E+00
   02  0.1721500E+01  0.7169315E+00
   02  0.1726000E+01  0.7915626E+00
   02  0.1730500E+01  0.8614905E+00
   02  0.1735000E+01  0.9211560E+00
   02  0.1739500E+01  0.9594916E+00
   02  0.1744000E+01  0.9730889E+00
   02  0.1748500E+01  0.9734680E+00
   02  0.1753000E+01  0.9707115E+00
   02  0.1757500E+01  0.9603411E+00
   02  0.1762000E+01  0.9367007E+00
   02  0.1766500E+01  0.8977636E+00
   02  0.1771000E+01  0.8449058E+00
   02  0.1775500E+01  0.7807091E+00
   02  0.1780000E+01  0.7085118E+00
   02  0.1784500E+01  0.6318625E+00
   02  0.1789000E+01  0.5540646E+00
   02  0.1793500E+01  0.4778958E+00
   02  0.1798000E+01  0.4055068E+00
   02  0.1798500E+01  0.3977649E+00
   02  0.1799000E+01  0.3900918E+00
   02  0.1799500E+01  0.3824891E+00
   02  0.1800000E+01  0.3749582E+00
   02  0.1804500E+01  0.3106369E+00
   02  0.1809000E+01  0.2529873E+00
   02  0.1813500E+01  0.2024374E+00
   02  0.1818000E+01  0.1590739E+00
   02  0.1822500E+01  0.1226916E+00
   02  0.1827000E+01  0.9284406E-01
   02  0.1831500E+01  0.6890337E-01
   02  0.1836000E+01  0.5012887E-01
   02  0.1840500E+01  0.3573380E-01
   02  0.1845000E+01  0.2494335E-01
   02  0.1849500E+01  0.1704055E-01
   02  0.1854000E+01  0.1137969E-01
   02  0.1858500E+01  0.7406258E-02
   02  0.1863000E+01  0.4702645E-02
   02  0.1867500E+01  0.2975529E-02
   02  0.1872000E+01  0.1776683E-02
   02  0.1876500E+01  0.9930546E-03
   02  0.1881000E+01  0.6129134E-03
   02  0.1885500E+01  0.3963395E-03
   01  0.1890000E+01  0.4071135E-03
   01  0.1908000E+01 -0.1058440E-04
   01  0.1926000E+01 -0.8741440E-05
   01  0.1944000E+01 -0.4941588E-05
   01  0.1962000E+01 -0.1622186E-05
   01  0.1980000E+01 -0.1974274E-06
   02  0.1998000E+01 -0.4682036E-08
   02  0.1998500E+01 -0.4105439E-08
   02  0.1999000E+01 -0.3584740E-08
   02  0.1999500E+01 -0.3115742E-08
   02  0.2000000E+01 -0.2694404E-08
   02  0.2004500E+01 -0.2188146E-09
   02  0.2009000E+01  0.1756014E-09
   02  0.2013500E+01  0.4584524E-09
   02  0.2018000E+01  0.7367777E-09
   02  0.2022500E+01  0.1024006E-08
   02  0.2027000E+01  0.1316167E-08
   02  0.2031500E+01  0.1593154E-08
   02  0.2036000E+01  0.1803136E-08
   02  0.2040500E+01  0.2081316E-08
   02  0.2045000E+01  0.3214809E-08
   02  0.2049500E+01  0.8873652E-08
   02  0.2054000E+01  0.3635752E-07
   02  0.2058500E+01  0.1634038E-06
   02  0.2063000E+01  0.7278246E-06
   02  0.2067500E+01  0.3441803E-05
   02  0.2072000E+01  0.1543970E-04
   02  0.2076500E+01  0.6069808E-04
   03  0.2081000E+01  0.1659504E-03
   03  0.2082125E+01  0.2161251E-03
   03  0.2083250E+01  0.2635180E-03
   03  0.2084375E+01  0.3103085E-03
   03  0.2085500E+01  0.3644145E-03
   03  0.2086625E+01  0.4672017E-03
   03  0.2087750E+01  0.6006758E-03
   03  0.2088875E+01  0.8835075E-03
   03  0.2090000E+01  0.1605762E-02
   03  0.2091125E+01  0.4999027E-02
   03  0.2092250E+01  0.1404024E-01
   03  0.2093375E+01  0.3254407E-01
   03  0.2094500E+01  0.6377685E-01
   03  0.2095625E+01  0.1106563E+00
   03  0.2096750E+01  0.1754241E+00
   03  0.2097875E+01  0.2591664E+00
   03  0.2099000E+01  0.3611515E+00
   03  0.2100125E+01  0.4781036E+00
   03  0.2101250E+01  0.6039255E+00
   03  0.2102375E+01  0.7301758E+00
   03  0.2103500E+01  0.8463857E+00
   03  0.2104625E+01  0.9381225E+00
   03  0.2105750E+01  0.9869218E+00
   03  0.2106875E+01  0.9993814E+00
   03  0.2108000E+01  0.9999737E+00
   03  0.2109125E+01  0.9999989E+00
   03  0.2110250E+01  0.1000000E+01
   03  0.2111375E+01  0.1000000E+01
   03  0.2112500E+01  0.1000000E+01
   03  0.2113625E+01  0.1000000E+01
   03  0.2114750E+01  0.1000000E+01
   03  0.2115875E+01  0.1000000E+01
   03  0.2117000E+01  0.1000000E+01
   03  0.2118125E+01  0.1000000E+01
   03  0.2119250E+01  0.1000000E+01
   03  0.2120375E+01  0.1000000E+01
   03  0.2121500E+01  0.1000000E+01
   03  0.2122625E+01  0.1000000E+01
   03  0.2123750E+01  0.1000000E+01
   03  0.2124875E+01  0.1000000E+01
   02  0.2126000E+01  0.1000000E+01
   02  0.2130500E+01  0.1000000E+01
   02  0.2135000E+01  0.1000000E+01
   02  0.2139500E+01  0.1000000E+01
   02  0.2144000E+01  0.1000000E+01
   02  0.2148500E+01  0.1000000E+01
   02  0.2153000E+01  0.1000000E+01
   02  0.2157500E+01  0.1000000E+01
   02  0.2162000E+01  0.1000000E+01
   02  0.2166500E+01  0.1000000E+01
   02  0.2171000E+01  0.1000000E+01
   02  0.2175500E+01  0.1000000E+01
   02  0.2180000E+01  0.1000000E+01
   02  0.2184500E+01  0.1000000E+01
   02  0.2189000E+01  0.1000000E+01
   02  0.2193500E+01  0.1000000E+01
   02  0.2198000E+01  0.1000000E+01
   02  0.2198500E+01  0.1000000E+01
   02  0.2199000E+01  0.1000000E+01
   02  0.2199500E+01  0.1000000E+01
   02  0.2200000E+01  0.1000000E+01
   02  0.2204500E+01  0.1000000E+01
   02  0.2209000E+01  0.1000000E+01
   02  0.2213500E+01  0.1000000E+01
   01  0.2218000E+01  0.1000000E+01
   01  0.2236000E+01  0.1000000E+01
   01  0.2254000E+01  0.1000000E+01
   01  0.2272000E+01  0.1000000E+01
   01  0.2290000E+01  0.1000000E+01
   01  0.2308000E+01  0.1000000E+01
   02  0.2326000E+01  0.1000000E+01
   02  0.2330500E+01  0.1000000E+01
   02  0.2335000E+01  0.1000000E+01
   02  0.2339500E+01  0.1000000E+01
   02  0.2344000E+01  0.1000000E+01
   02  0.2348500E+01  0.1000000E+01
   02  0.2353000E+01  0.9999999E+00
   02  0.2357500E+01  0.9999998E+00
   02  0.2362000E+01  0.9999989E+00
   02  0.2366500E+01  0.9999952E+00
   02  0.2371000E+01  0.9999804E+00
   02  0.2375500E+01  0.9999247E+00
   03  0.2380000E+01  0.9997828E+00
   03  0.2381125E+01  0.9997166E+00
   03  0.2382250E+01  0.9996516E+00
   03  0.2383375E+01  0.9995902E+00
   03  0.2384500E+01  0.9994634E+00
   03  0.2385625E+01  0.9992859E+00
   03  0.2386750E+01  0.9991437E+00
   03  0.2387875E+01  0.9990207E+00
   03  0.2389000E+01  0.9987209E+00
   03  0.2390125E+01  0.9971375E+00
   03  0.2391250E+01  0.9919559E+00
   03  0.2392375E+01  0.9800653E+00
   03  0.2393500E+01  0.9584866E+00
   03  0.2394625E+01  0.9244141E+00
   03  0.2395750E+01  0.8752493E+00
   03  0.2396875E+01  0.8091190E+00
   03  0.2398000E+01  0.7253958E+00
   03  0.2398125E+01  0.7149861E+00
   03  0.2398250E+01  0.7043699E+00
   03  0.2398375E+01  0.6935505E+00
   03  0.2398500E+01  0.6825320E+00
   03  0.2398625E+01  0.6713185E+00
   03  0.2398750E+01  0.6599145E+00
   03  0.2398875E+01  0.6483247E+00
   03  0.2399000E+01  0.6365540E+00
   03  0.2399125E+01  0.6246077E+00
   03  0.2399250E+01  0.6124910E+00
   03  0.2399375E+01  0.6002090E+00
   03  0.2399500E+01  0.5877668E+00
   03  0.2399625E+01  0.5751694E+00
   03  0.2399750E+01  0.5624218E+00
   03  0.2399875E+01  0.5495288E+00
   03  0.2400000E+01  0.5364956E+00
   03  0.2401125E+01  0.4153197E+00
   03  0.2402250E+01  0.2909864E+00
   03  0.2403375E+01  0.1742166E+00
   03  0.2404500E+01  0.8099850E-01
   03  0.2405625E+01  0.2484457E-01
   03  0.2406750E+01  0.3482760E-02
   03  0.2407875E+01  0.2548020E-03
   03  0.2409000E+01  0.1558605E-04
   03  0.2410125E+01  0.8097310E-06
   03  0.2411250E+01  0.3784510E-07
   03  0.2412375E+01  0.1660236E-08
   03  0.2413500E+01  0.7024931E-10
   03  0.2414625E+01  0.2915444E-11
   03  0.2415750E+01  0.1203213E-12
   03  0.2416875E+01  0.5518801E-14
   03  0.2418000E+01  0.9105889E-15
   03  0.2419125E+01  0.7827266E-15
   03  0.2420250E+01  0.7980189E-15
   03  0.2421375E+01  0.8232952E-15
   03  0.2422500E+01  0.8332156E-15
   03  0.2423625E+01  0.8350935E-15
   03  0.2424750E+01  0.8539889E-15
   03  0.2425875E+01  0.8841930E-15
   02  0.2427000E+01  0.1059627E-14
   02  0.2431500E+01  0.2382927E-14
   02  0.2436000E+01  0.9867122E-14
   02  0.2440500E+01  0.4571009E-13
   02  0.2445000E+01  0.2051560E-12
   02  0.2449500E+01  0.8896129E-12
   02  0.2454000E+01  0.3782517E-11
   02  0.2458500E+01  0.1599982E-10
   02  0.2463000E+01  0.6792417E-10
   02  0.2467500E+01  0.2995559E-09
   02  0.2472000E+01  0.1312641E-08
   02  0.2476500E+01  0.5467241E-08
   02  0.2481000E+01  0.1950872E-07
   02  0.2485500E+01  0.4939554E-07
   02  0.2490000E+01  0.8011616E-07
   02  0.2494500E+01  0.1583825E-06
   02  0.2499000E+01  0.2825139E-06
   02  0.2503500E+01  0.4141979E-06
   02  0.2508000E+01  0.5495691E-06
   02  0.2512500E+01  0.9599054E-06
   02  0.2517000E+01  0.1601809E-05
   02  0.2521500E+01  0.2280591E-05
   01  0.2526000E+01  0.5250439E-05
   01  0.2544000E+01  0.2620901E-04
   01  0.2562000E+01  0.1241576E-03
   01  0.2580000E+01  0.5347256E-03
   01  0.2598000E+01  0.2071488E-02
   01  0.2600000E+01  0.2445046E-02
   02  0.2618000E+01  0.7065876E-02
   02  0.2622500E+01  0.9109087E-02
   02  0.2627000E+01  0.1113867E-01
   02  0.2631500E+01  0.1306359E-01
   02  0.2636000E+01  0.1633993E-01
   02  0.2640500E+01  0.2046784E-01
   02  0.2645000E+01  0.2421873E-01
   02  0.2649500E+01  0.2773953E-01
   02  0.2654000E+01  0.3031486E-01
   02  0.2658500E+01  0.3451320E-01
   02  0.2663000E+01  0.4061204E-01
   02  0.2667500E+01  0.5210103E-01
   02  0.2672000E+01  0.7200511E-01
   02  0.2676500E+01  0.1014716E+00
   02  0.2681000E+01  0.1397833E+00
   02  0.2685500E+01  0.1854514E+00
   02  0.2690000E+01  0.2371793E+00
   02  0.2694500E+01  0.2941457E+00
   02  0.2699000E+01  0.3558438E+00
   02  0.2703500E+01  0.4218567E+00
   02  0.2708000E+01  0.4917266E+00
   02  0.2712500E+01  0.5648543E+00
   02  0.2717000E+01  0.6404204E+00
   02  0.2721500E+01  0.7172031E+00
   02  0.2726000E+01  0.7928722E+00
   02  0.2730500E+01  0.8633615E+00
   02  0.2735000E+01  0.9218472E+00
   02  0.2739500E+01  0.9560800E+00
   02  0.2744000E+01  0.9663483E+00
   02  0.2748500E+01  0.9662016E+00
   02  0.2753000E+01  0.9634863E+00
   02  0.2757500E+01  0.9536374E+00
   02  0.2762000E+01  0.9315716E+00
   02  0.2766500E+01  0.8952941E+00
   02  0.2771000E+01  0.8455467E+00
   02  0.2775500E+01  0.7842090E+00
   02  0.2780000E+01  0.7140678E+00
   02  0.2784500E+01  0.6384104E+00
   02  0.2789000E+01  0.5605891E+00
   02  0.2793500E+01  0.4836543E+00
   02  0.2798000E+01  0.4101125E+00
   02  0.2798500E+01  0.4022327E+00
   02  0.2799000E+01  0.3944216E+00
   02  0.2799500E+01  0.3866809E+00
   02  0.2800000E+01  0.3790126E+00
   02  0.2804500E+01  0.3135027E+00
   02  0.2809000E+01  0.2548280E+00
   02  0.2813500E+01  0.2034462E+00
   02  0.2818000E+01  0.1594140E+00
   02  0.2822500E+01  0.1224845E+00
   02  0.2827000E+01  0.9218703E-01
   02  0.2831500E+01  0.6789276E-01
   02  0.2836000E+01  0.4887193E-01
   02  0.2840500E+01  0.3434518E-01
   02  0.2845000E+01  0.2353098E-01
   02  0.2849500E+01  0.1568913E-01
   02  0.2854000E+01  0.1014082E-01
   02  0.2858500E+01  0.6304378E-02
   02  0.2863000E+01  0.3751229E-02
   02  0.2867500E+01  0.2183739E-02
   02  0.2872000E+01  0.1209227E-02
   02  0.2876500E+01  0.6467906E-03
   02  0.2881000E+01  0.3963878E-03
   02  0.2885500E+01  0.2565159E-03
   01  0.2890000E+01  0.2631453E-03
   01  0.2908000E+01 -0.1226755E-04
   01  0.2926000E+01 -0.1077383E-04
   01  0.2944000E+01 -0.7078345E-05
   01  0.2962000E+01 -0.3011543E-05
   01  0.2980000E+01 -0.6805922E-06
   02  0.2998000E+01 -0.2698995E-07
   02  0.2998500E+01 -0.2412064E-07
   02  0.2999000E+01 -0.2150642E-07
   02  0.2999500E+01 -0.1912921E-07
   02  0.3000000E+01 -0.1697142E-07
   02  0.3004500E+01 -0.3726865E-08
   02  0.3009000E+01 -0.3177189E-09
   02  0.3013500E+01  0.2529646E-08
   02  0.3018000E+01  0.5419343E-08
   02  0.3022500E+01  0.8371312E-08
   02  0.3027000E+01  0.1135696E-07
   02  0.3031500E+01  0.1418890E-07
   02  0.3036000E+01  0.1640034E-07
   02  0.3040500E+01  0.1913736E-07
   02  0.3045000E+01  0.2848846E-07
   02  0.3049500E+01  0.7039129E-07
   02  0.3054000E+01  0.2581267E-06
   02  0.3058500E+01  0.1064226E-05
   02  0.3063000E+01  0.4488000E-05
   02  0.3067500E+01  0.1949726E-04
   02  0.3072000E+01  0.8074613E-04
   02  0.3076500E+01  0.2802733E-03
   03  0.3081000E+01  0.6937615E-03
   03  0.3082125E+01  0.8704796E-03
   03  0.3083250E+01  0.1045929E-02
   03  0.3084375E+01  0.1219414E-02
   03  0.3085500E+01  0.1398544E-02
   03  0.3086625E+01  0.1748202E-02
   03  0.3087750E+01  0.2146901E-02
   03  0.3088875E+01  0.2953109E-02
   03  0.3090000E+01  0.4855978E-02
   03  0.3091125E+01  0.1205034E-01
   03  0.3092250E+01  0.2628073E-01
   03  0.3093375E+01  0.4984324E-01
   03  0.3094500E+01  0.8490527E-01
   03  0.3095625E+01  0.1333172E+00
   03  0.3096750E+01  0.1964005E+00
   03  0.3097875E+01  0.2746713E+00
   03  0.3099000E+01  0.3675148E+00
   03  0.3100125E+01  0.4727322E+00
   03  0.3101250E+01  0.5861520E+00
   03  0.3102375E+01  0.7017102E+00
   03  0.3103500E+01  0.8118168E+00
   03  0.3104625E+01  0.9066872E+00
   03  0.3105750E+01  0.9708626E+00
   03  0.3106875E+01  0.9967290E+00
   03  0.3108000E+01  0.9998746E+00
   03  0.3109125E+01  0.9999950E+00
   03  0.3110250E+01  0.9999998E+00
   03  0.3111375E+01  0.1000000E+01
   03  0.3112500E+01  0.1000000E+01
   03  0.3113625E+01  0.1000000E+01
   03  0.3114750E+01  0.1000000E+01
   03  0.3115875E+01  0.1000000E+01
   03  0.3117000E+01  0.1000000E+01
   03  0.3118125E+01  0.1000000E+01
   03  0.3119250E+01  0.1000000E+01
   03  0.3120375E+01  0.1000000E+01
   03  0.3121500E+01  0.1000000E+01
   03  0.3122625E+01  0.1000000E+01
   03  0.3123750E+01  0.1000000E+01
   03  0.3124875E+01  0.1000000E+01
   02  0.3126000E+01  0.1000000E+01
   02  0.3130500E+01  0.1000000E+01
   02  0.3135000E+01  0.1000000E+01
   02  0.3139500E+01  0.1000000E+01
   02  0.3144000E+01  0.1000000E+01
   02  0.3148500E+01  0.1000000E+01
   02  0.3153000E+01  0.1000000E+01
   02  0.3157500E+01  0.1000000E+01
   02  0.3162000E+01  0.1000000E+01
   02  0.3166500E+01  0.1000000E+01
   02  0.3171000E+01  0.1000000E+01
   02  0.3175500E+01  0.1000000E+01
   02  0.3180000E+01  0.1000000E+01
   02  0.3184500E+01  0.1000000E+01
   02  0.3189000E+01  0.1000000E+01
   02  0.3193500E+01  0.1000000E+01
   02  0.3198000E+01  0.1000000E+01
   02  0.3198500E+01  0.1000000E+01
   02  0.3199000E+01  0.1000000E+01
   02  0.3199500E+01  0.1000000E+01
   02  0.3200000E+01  0.1000000E+01
   02  0.3204500E+01  0.1000000E+01
   02  0.3209000E+01  0.1000000E+01
   02  0.3213500E+01  0.1000000E+01
   01  0.3218000E+01  0.1000000E+01
   01  0.3236000E+01  0.1000000E+01
   01  0.3254000E+01  0.1000000E+01
   01  0.3272000E+01  0.1000000E+01
   01  0.3290000E+01  0.1000000E+01
   01  0.3308000E+01  0.1000000E+01
   02  0.3326000E+01  0.1000000E+01
   02  0.3330500E+01  0.1000000E+01
   02  0.3335000E+01  0.1000000E+01
   02  0.3339500E+01  0.1000000E+01
   02  0.3344000E+01  0.1000000E+01
   02  0.3348500E+01  0.9999999E+00
   02  0.3353000E+01  0.9999997E+00
   02  0.3357500E+01  0.9999987E+00
   02  0.3362000E+01  0.9999943E+00
   02  0.3366500E+01  0.9999770E+00
   02  0.3371000E+01  0.9999125E+00
   02  0.3375500E+01  0.9996943E+00
   03  0.3380000E+01  0.9992120E+00
   03  0.3381125E+01  0.9990114E+00
   03  0.3382250E+01  0.9988119E+00
   03  0.3383375E+01  0.9986242E+00
   03  0.3384500E+01  0.9982796E+00
   03  0.3385625E+01  0.9977916E+00
   03  0.3386750E+01  0.9974229E+00
   03  0.3387875E+01  0.9971017E+00
   03  0.3389000E+01  0.9964162E+00
   03  0.3390125E+01  0.9930506E+00
   03  0.3391250E+01  0.9843847E+00
   03  0.3392375E+01  0.9680830E+00
   03  0.3393500E+01  0.9423841E+00
   03  0.3394625E+01  0.9053768E+00
   03  0.3395750E+01  0.8553862E+00
   03  0.3396875E+01  0.7912701E+00
   03  0.3398000E+01  0.7127261E+00
   03  0.3398125E+01  0.7030964E+00
   03  0.3398250E+01  0.6932972E+00
   03  0.3398375E+01  0.6833309E+00
   03  0.3398500E+01  0.6732004E+00
   03  0.3398625E+01  0.6629087E+00
   03  0.3398750E+01  0.6524592E+00
   03  0.3398875E+01  0.6418556E+00
   03  0.3399000E+01  0.6311017E+00
   03  0.3399125E+01  0.6202015E+00
   03  0.3399250E+01  0.6091591E+00
   03  0.3399375E+01  0.5979788E+00
   03  0.3399500E+01  0.5866645E+00
   03  0.3399625E+01  0.5752207E+00
   03  0.3399750E+01  0.5636512E+00
   03  0.3399875E+01  0.5519604E+00
   03  0.3400000E+01  0.5401521E+00
   03  0.3401125E+01  0.4301918E+00
   03  0.3402250E+01  0.3161984E+00
   03  0.3403375E+01  0.2052959E+00
   03  0.3404500E+01  0.1091673E+00
   03  0.3405625E+01  0.4187458E-01
   03  0.3406750E+01  0.9407127E-02
   03  0.3407875E+01  0.8547831E-03
   03  0.3409000E+01  0.5969711E-04
   03  0.3410125E+01  0.3311153E-05
   03  0.3411250E+01  0.1589989E-06
   03  0.3412375E+01  0.7032415E-08
   03  0.3413500E+01  0.2978182E-09
   03  0.3414625E+01  0.1235435E-10
   03  0.3415750E+01  0.5134219E-12
   03  0.3416875E+01  0.2736620E-13
   03  0.3418000E+01  0.8054859E-14
   03  0.3419125E+01  0.7638471E-14
   03  0.3420250E+01  0.7784357E-14
   03  0.3421375E+01  0.7979506E-14
   03  0.3422500E+01  0.8041655E-14
   03  0.3423625E+01  0.8044663E-14
   03  0.3424750E+01  0.8171914E-14
   03  0.3425875E+01  0.8379973E-14
   02  0.3427000E+01  0.9524115E-14
   02  0.3431500E+01  0.1803435E-13
   02  0.3436000E+01  0.6249526E-13
   02  0.3440500E+01  0.2615163E-12
   02  0.3445000E+01  0.1096635E-11
   02  0.3449500E+01  0.4494174E-11
   02  0.3454000E+01  0.1800393E-10
   02  0.3458500E+01  0.7079779E-10
   02  0.3463000E+01  0.2836487E-09
   02  0.3467500E+01  0.1154228E-08
   02  0.3472000E+01  0.4387054E-08
   02  0.3476500E+01  0.1581283E-07
   02  0.3481000E+01  0.4890039E-07
   02  0.3485500E+01  0.1147899E-06
   02  0.3490000E+01  0.1791232E-06
   02  0.3494500E+01  0.3389170E-06
   02  0.3499000E+01  0.5927527E-06
   02  0.3503500E+01  0.8623158E-06
   02  0.3508000E+01  0.1135521E-05
   02  0.3512500E+01  0.1938489E-05
   02  0.3517000E+01  0.3189672E-05
   02  0.3521500E+01  0.4512210E-05
   01  0.3526000E+01  0.1022988E-04
   01  0.3544000E+01  0.4577489E-04
   01  0.3562000E+01  0.1941574E-03
   01  0.3580000E+01  0.7673255E-03
   01  0.3598000E+01  0.2760063E-02
   01  0.3600000E+01  0.3194642E-02
   02  0.3618000E+01  0.8370215E-02
   02  0.3622500E+01  0.1050371E-01
   02  0.3627000E+01  0.1262428E-01
   02  0.3631500E+01  0.1465124E-01
   02  0.3636000E+01  0.1788738E-01
   02  0.3640500E+01  0.2188000E-01
   02  0.3645000E+01  0.2553741E-01
   02  0.3649500E+01  0.2898650E-01
   02  0.3654000E+01  0.3155079E-01
   02  0.3658500E+01  0.3553787E-01
   02  0.3663000E+01  0.4128366E-01
   02  0.3667500E+01  0.5215917E-01
   02  0.3672000E+01  0.7122616E-01
   02  0.3676500E+01  0.9984087E-01
   02  0.3681000E+01  0.1375536E+00
   02  0.3685500E+01  0.1830440E+00
   02  0.3690000E+01  0.2350037E+00
   02  0.3694500E+01  0.2924541E+00
   02  0.3699000E+01  0.3546889E+00
   02  0.3703500E+01  0.4211578E+00
   02  0.3708000E+01  0.4913893E+00
   02  0.3712500E+01  0.5648622E+00
   02  0.3717000E+01  0.6408645E+00
   02  0.3721500E+01  0.7181349E+00
   02  0.3726000E+01  0.7940796E+00
   02  0.3730500E+01  0.8642194E+00
   02  0.3735000E+01  0.9209508E+00
   02  0.3739500E+01  0.9521563E+00
   02  0.3744000E+01  0.9603327E+00
   02  0.3748500E+01  0.9600496E+00
   02  0.3753000E+01  0.9573504E+00
   02  0.3757500E+01  0.9478399E+00
   02  0.3762000E+01  0.9268599E+00
   02  0.3766500E+01  0.8925222E+00
   02  0.3771000E+01  0.8452257E+00
   02  0.3775500E+01  0.7864008E+00
   02  0.3780000E+01  0.7183890E+00
   02  0.3784500E+01  0.6441491E+00
   02  0.3789000E+01  0.5668916E+00
   02  0.3793500E+01  0.4897196E+00
   02  0.3798000E+01  0.4153391E+00
   02  0.3798500E+01  0.4073387E+00
   02  0.3799000E+01  0.3994034E+00
   02  0.3799500E+01  0.3915354E+00
   02  0.3800000E+01  0.3837368E+00
   02  0.3804500E+01  0.3169920E+00
   02  0.3809000E+01  0.2570920E+00
   02  0.3813500E+01  0.2046411E+00
   02  0.3818000E+01  0.1597577E+00
   02  0.3822500E+01  0.1221928E+00
   02  0.3827000E+01  0.9144096E-01
   02  0.3831500E+01  0.6683292E-01
   02  0.3836000E+01  0.4760798E-01
   02  0.3840500E+01  0.3296784E-01
   02  0.3845000E+01  0.2211933E-01
   02  0.3849500E+01  0.1431061E-01
   02  0.3854000E+01  0.8847573E-02
   02  0.3858500E+01  0.5136750E-02
   02  0.3863000E+01  0.2745456E-02
   02  0.3867500E+01  0.1364489E-02
   02  0.3872000E+01  0.6379063E-03
   02  0.3876500E+01  0.3082270E-03
   02  0.3881000E+01  0.1908538E-03
   02  0.3885500E+01  0.1233963E-03
   01  0.3890000E+01  0.1229606E-03
   01  0.3908000E+01 -0.1223652E-04
   01  0.3926000E+01 -0.1124668E-04
   01  0.3944000E+01 -0.8228660E-05
   01  0.3962000E+01 -0.4233719E-05
   01  0.3980000E+01 -0.1308429E-05
   02  0.3998000E+01 -0.9539981E-07
   02  0.3998500E+01 -0.8409907E-07
   02  0.3999000E+01 -0.7377702E-07
   02  0.3999500E+01 -0.6436564E-07
