# gauge_id= 0 location=(   0.1000000E+00 ) num_eqn=  1
# Columns: level time q(1 ... num_eqn)
   03  0.0000000E+00  0.5000000E+00
   03  0.6250000E-04  0.4750000E+00
   03  0.1250000E-03  0.4500625E+00
   03  0.1875000E-03  0.4251903E+00
   03  0.2500000E-03  0.4003864E+00
   03  0.3125000E-03  0.3756537E+00
   03  0.3750000E-03  0.3509956E+00
   03  0.4375000E-03  0.3275201E+00
   03  0.5000000E-03  0.3052364E+00
   03  0.5625000E-03  0.2840991E+00
   03  0.6250000E-03  0.2640644E+00
   03  0.6875000E-03  0.2450901E+00
   03  0.7500000E-03  0.2271356E+00
   03  0.8125000E-03  0.2101619E+00
   03  0.8750000E-03  0.1941313E+00
   03  0.9375000E-03  0.1790076E+00
   03  0.1000000E-02  0.1647558E+00
   03  0.2125000E-02  0.6669260E-02
   03  0.3250000E-02  0.6669260E-04
   03  0.4375000E-02  0.6669260E-06
   03  0.5500000E-02  0.6669260E-08
   03  0.6625000E-02  0.6669260E-10
   03  0.7750000E-02  0.6669260E-12
   03  0.8875000E-02  0.6669260E-14
   03  0.1000000E-01  0.6669260E-16
   03  0.1112500E-01  0.6669260E-18
   03  0.1225000E-01  0.6669260E-20
   03  0.1337500E-01  0.6669260E-22
   03  0.1450000E-01  0.6669260E-24
   03  0.1562500E-01  0.6669260E-26
   03  0.1675000E-01  0.6669260E-28
   03  0.1787500E-01  0.6669260E-30
   03  0.1900000E-01  0.6669260E-32
   03  0.2012500E-01  0.6669260E-34
   03  0.2125000E-01  0.6669260E-36
   03  0.2237500E-01  0.6669260E-38
   03  0.2350000E-01  0.6669260E-40
   03  0.2462500E-01  0.6669260E-42
   03  0.2575000E-01  0.6669260E-44
   03  0.2687500E-01  0.6669260E-46
   02  0.2800000E-01  0.4402218E-39
   02  0.3250000E-01 -0.8036993E-41
   02  0.3700000E-01 -0.3244936E-41
   02  0.4150000E-01 -0.3244936E-42
   02  0.4600000E-01 -0.3244936E-44
   02  0.5050000E-01 -0.3244936E-46
   02  0.5500000E-01 -0.3244936E-48
   02  0.5950000E-01  0.4471346E-22
   02  0.6400000E-01  0.5894788E-19
   02  0.6850000E-01  0.2863366E-16
   02  0.7300000E-01  0.7595683E-13
   02  0.7750000E-01  0.7143382E-12
   02  0.8200000E-01  0.2983974E-11
   02  0.8650000E-01  0.6520005E-11
   02  0.9100000E-01  0.2760652E-10
   02  0.9550000E-01  0.1651190E-09
   02  0.1000000E+00  0.3912059E-09
   02  0.1045000E+00  0.6317116E-09
   02  0.1090000E+00  0.9260253E-09
   02  0.1135000E+00  0.2153764E-08
   02  0.1180000E+00  0.4141334E-08
   02  0.1225000E+00  0.6251926E-08
   01  0.1270000E+00  0.1639350E-07
   01  0.1450000E+00  0.2794198E-06
   01  0.1630000E+00  0.3709963E-05
   01  0.1810000E+00  0.3873527E-04
   01  0.1990000E+00  0.3205582E-03
   01  0.2000000E+00  0.3775236E-03
   02  0.2180000E+00  0.1866408E-02
   02  0.2225000E+00  0.2859348E-02
   02  0.2270000E+00  0.3839260E-02
   02  0.2315000E+00  0.4767357E-02
   02  0.2360000E+00  0.7625976E-02
   02  0.2405000E+00  0.1333157E-01
   02  0.2450000E+00  0.1836402E-01
   02  0.2495000E+00  0.2267051E-01
   02  0.2540000E+00  0.2546435E-01
   02  0.2585000E+00  0.3317109E-01
   02  0.2630000E+00  0.4376118E-01
   02  0.2675000E+00  0.6018453E-01
   02  0.2720000E+00  0.8365904E-01
   02  0.2765000E+00  0.1137819E+00
   02  0.2810000E+00  0.1496793E+00
   02  0.2855000E+00  0.1911539E+00
   02  0.2900000E+00  0.2387662E+00
   02  0.2945000E+00  0.2931312E+00
   02  0.2990000E+00  0.3543020E+00
   02  0.3035000E+00  0.4216140E+00
   02  0.3080000E+00  0.4938164E+00
   02  0.3125000E+00  0.5692085E+00
   02  0.3170000E+00  0.6456041E+00
   02  0.3215000E+00  0.7204405E+00
   02  0.3260000E+00  0.7912280E+00
   02  0.3305000E+00  0.8561295E+00
   02  0.3350000E+00  0.9137743E+00
   02  0.3395000E+00  0.9597527E+00
   02  0.3440000E+00  0.9838896E+00
   02  0.3485000E+00  0.9888178E+00
   02  0.3530000E+00  0.9855871E+00
   02  0.3575000E+00  0.9725779E+00
   02  0.3620000E+00  0.9434651E+00
   02  0.3665000E+00  0.8978514E+00
   02  0.3710000E+00  0.8394763E+00
   02  0.3755000E+00  0.7721107E+00
   02  0.3800000E+00  0.6990209E+00
   02  0.3845000E+00  0.6229659E+00
   02  0.3890000E+00  0.5463901E+00
   02  0.3935000E+00  0.4715191E+00
   02  0.3980000E+00  0.4003043E+00
   02  0.3985000E+00  0.3926844E+00
   02  0.3990000E+00  0.3851323E+00
   02  0.3995000E+00  0.3776496E+00
   02  0.4000000E+00  0.3702379E+00
   02  0.4045000E+00  0.3069645E+00
   02  0.4090000E+00  0.2503537E+00
   02  0.4135000E+00  0.2008444E+00
   02  0.4180000E+00  0.1584804E+00
   02  0.4225000E+00  0.1229887E+00
   02  0.4270000E+00  0.9386165E-01
   02  0.4315000E+00  0.7043725E-01
   02  0.4360000E+00  0.5197114E-01
   02  0.4405000E+00  0.3769783E-01
   02  0.4450000E+00  0.2687928E-01
   02  0.4495000E+00  0.1883783E-01
   02  0.4540000E+00  0.1296689E-01
   02  0.4585000E+00  0.8759461E-02
   02  0.4630000E+00  0.5846173E-02
   02  0.4675000E+00  0.3931219E-02
   02  0.4720000E+00  0.2533609E-02
   02  0.4765000E+00  0.1557668E-02
   02  0.4810000E+00  0.1022846E-02
   02  0.4855000E+00  0.6789948E-03
   01  0.4900000E+00  0.6488517E-03
   01  0.5080000E+00  0.1126356E-05
   01  0.5260000E+00 -0.1180530E-05
   01  0.5440000E+00 -0.3979798E-06
   01  0.5620000E+00 -0.1938216E-07
   01  0.5800000E+00  0.8400925E-08
   01  0.5980000E+00  0.2389589E-08
   01  0.6000000E+00  0.2018068E-08
   02  0.6180000E+00  0.2520395E-10
   02  0.6225000E+00  0.2006746E-10
   02  0.6270000E+00  0.1493097E-10
   02  0.6315000E+00  0.9794482E-11
   02  0.6360000E+00  0.1933096E-11
   02  0.6405000E+00  0.2003879E-11
   02  0.6450000E+00  0.2568383E-11
   02  0.6495000E+00  0.7933195E-11
   02  0.6540000E+00  0.6327475E-10
   02  0.6585000E+00  0.5898585E-09
   02  0.6630000E+00  0.4446266E-08
   02  0.6675000E+00  0.3577377E-07
   02  0.6720000E+00  0.2342218E-06
   02  0.6765000E+00  0.1248632E-05
   03  0.6810000E+00  0.4264612E-05
   03  0.6821250E+00  0.5907682E-05
   03  0.6832500E+00  0.7533790E-05
   03  0.6843750E+00  0.9127963E-05
   03  0.6855000E+00  0.1127611E-04
   03  0.6866250E+00  0.1606704E-04
   03  0.6877500E+00  0.2301988E-04
   03  0.6888750E+00  0.3959328E-04
   03  0.6900000E+00  0.9139834E-04
   03  0.6911250E+00  0.3609602E-03
   03  0.6922500E+00  0.1361546E-02
   03  0.6933750E+00  0.4953199E-02
   03  0.6945000E+00  0.1715873E-01
   03  0.6956250E+00  0.4875776E-01
   03  0.6967500E+00  0.1100677E+00
   03  0.6978750E+00  0.2061840E+00
   03  0.6990000E+00  0.3361800E+00
   03  0.7001250E+00  0.4917204E+00
   03  0.7012500E+00  0.6577650E+00
   03  0.7023750E+00  0.8138366E+00
   03  0.7035000E+00  0.9322784E+00
   03  0.7046250E+00  0.9887091E+00
   03  0.7057500E+00  0.9995326E+00
   03  0.7068750E+00  0.9999813E+00
   03  0.7080000E+00  0.9999993E+00
   03  0.7091250E+00  0.1000000E+01
   03  0.7102500E+00  0.1000000E+01
   03  0.7113750E+00  0.1000000E+01
   03  0.7125000E+00  0.1000000E+01
   03  0.7136250E+00  0.1000000E+01
   03  0.7147500E+00  0.1000000E+01
   03  0.7158750E+00  0.1000000E+01
   03  0.7170000E+00  0.1000000E+01
   03  0.7181250E+00  0.1000000E+01
   03  0.7192500E+00  0.1000000E+01
   03  0.7203750E+00  0.1000000E+01
   03  0.7215000E+00  0.1000000E+01
   03  0.7226250E+00  0.1000000E+01
   03  0.7237500E+00  0.1000000E+01
   03  0.7248750E+00  0.1000000E+01
   02  0.7260000E+00  0.1000000E+01
   02  0.7305000E+00  0.1000000E+01
   02  0.7350000E+00  0.1000000E+01
   02  0.7395000E+00  0.1000000E+01
   02  0.7440000E+00  0.1000000E+01
   02  0.7485000E+00  0.1000000E+01
   02  0.7530000E+00  0.1000000E+01
   02  0.7575000E+00  0.1000000E+01
   02  0.7620000E+00  0.1000000E+01
   02  0.7665000E+00  0.1000000E+01
   02  0.7710000E+00  0.1000000E+01
   02  0.7755000E+00  0.1000000E+01
   02  0.7800000E+00  0.1000000E+01
   02  0.7845000E+00  0.1000000E+01
   02  0.7890000E+00  0.1000000E+01
   02  0.7935000E+00  0.1000000E+01
   02  0.7980000E+00  0.1000000E+01
   02  0.7985000E+00  0.1000000E+01
   02  0.7990000E+00  0.1000000E+01
   02  0.7995000E+00  0.1000000E+01
   02  0.8000000E+00  0.1000000E+01
   02  0.8045000E+00  0.1000000E+01
   02  0.8090000E+00  0.1000000E+01
   02  0.8135000E+00  0.1000000E+01
   01  0.8180000E+00  0.1000000E+01
   01  0.8360000E+00  0.1000000E+01
   01  0.8540000E+00  0.1000000E+01
   01  0.8720000E+00  0.1000000E+01
   01  0.8900000E+00  0.1000000E+01
   01  0.9080000E+00  0.1000000E+01
   02  0.9260000E+00  0.1000000E+01
   02  0.9305000E+00  0.1000000E+01
   02  0.9350000E+00  0.1000000E+01
   02  0.9395000E+00  0.1000000E+01
   02  0.9440000E+00  0.1000000E+01
   02  0.9485000E+00  0.1000000E+01
   02  0.9530000E+00  0.1000000E+01
   02  0.9575000E+00  0.1000000E+01
   02  0.9620000E+00  0.1000000E+01
   02  0.9665000E+00  0.9999999E+00
   02  0.9710000E+00  0.9999994E+00
   02  0.9755000E+00  0.9999972E+00
   03  0.9800000E+00  0.9999902E+00
   03  0.9811250E+00  0.9999863E+00
   03  0.9822500E+00  0.9999823E+00
   03  0.9833750E+00  0.9999786E+00
   03  0.9845000E+00  0.9999684E+00
   03  0.9856250E+00  0.9999542E+00
   03  0.9867500E+00  0.9999418E+00
   03  0.9878750E+00  0.9999313E+00
   03  0.9890000E+00  0.9998968E+00
   03  0.9901250E+00  0.9997082E+00
   03  0.9912500E+00  0.9989964E+00
   03  0.9923750E+00  0.9965419E+00
   03  0.9935000E+00  0.9884578E+00
   03  0.9946250E+00  0.9676266E+00
   03  0.9957500E+00  0.9264647E+00
   03  0.9968750E+00  0.8595143E+00
   03  0.9980000E+00  0.7640364E+00
   03  0.9981250E+00  0.7515742E+00
   03  0.9982500E+00  0.7387684E+00
   03  0.9983750E+00  0.7256258E+00
   03  0.9985000E+00  0.7121537E+00
   03  0.9986250E+00  0.6983595E+00
   03  0.9987500E+00  0.6842513E+00
   03  0.9988750E+00  0.6698374E+00
   03  0.9990000E+00  0.6551269E+00
   03  0.9991250E+00  0.6401283E+00
   03  0.9992500E+00  0.6248507E+00
   03  0.9993750E+00  0.6093030E+00
   03  0.9995000E+00  0.5934952E+00
   03  0.9996250E+00  0.5774381E+00
   03  0.9997500E+00  0.5611440E+00
   03  0.9998750E+00  0.5446272E+00
   03  0.1000000E+01  0.5279058E+00
   03  0.1001125E+01  0.3743275E+00
   03  0.1002250E+01  0.2248838E+00
   03  0.1003375E+01  0.1038423E+00
   03  0.1004500E+01  0.3145175E-01
   03  0.1005625E+01  0.4414955E-02
   03  0.1006750E+01  0.3406280E-03
   03  0.1007875E+01  0.2049078E-04
   03  0.1009000E+01  0.1027156E-05
   03  0.1010125E+01  0.4639449E-07
   03  0.1011250E+01  0.1981016E-08
   03  0.1012375E+01  0.8215413E-10
   03  0.1013500E+01  0.3357790E-11
   03  0.1014625E+01  0.1363014E-12
   03  0.1015750E+01  0.5517070E-14
   03  0.1016875E+01  0.2241201E-15
   03  0.1018000E+01  0.1052242E-16
   03  0.1019125E+01  0.2213154E-17
   03  0.1020250E+01  0.1975852E-17
   03  0.1021375E+01  0.2024005E-17
   03  0.1022500E+01  0.2079975E-17
   03  0.1023625E+01  0.2138914E-17
   03  0.1024750E+01  0.2226608E-17
   03  0.1025875E+01  0.2333382E-17
   02  0.1027000E+01  0.3196268E-17
   02  0.1031500E+01  0.1003440E-16
   02  0.1036000E+01  0.6342133E-16
   02  0.1040500E+01  0.4080503E-15
   02  0.1045000E+01  0.2503711E-14
   02  0.1049500E+01  0.1497754E-13
   02  0.1054000E+01  0.8637768E-13
   02  0.1058500E+01  0.4610342E-12
   02  0.1063000E+01  0.2178086E-11
   02  0.1067500E+01  0.9078098E-11
   02  0.1072000E+01  0.4149807E-10
   02  0.1076500E+01  0.1995845E-09
   02  0.1081000E+01  0.8644068E-09
   02  0.1085500E+01  0.2511396E-08
   02  0.1090000E+01  0.5249457E-08
   02  0.1094500E+01  0.1325309E-07
   02  0.1099000E+01  0.2552848E-07
   02  0.1103500E+01  0.3841214E-07
   02  0.1108000E+01  0.5222929E-07
   02  0.1112500E+01  0.9693083E-07
   02  0.1117000E+01  0.1673495E-06
   02  0.1121500E+01  0.2418571E-06
   01  0.1126000E+01  0.5755338E-06
   01  0.1144000E+01  0.4409600E-05
   01  0.1162000E+01  0.3231665E-04
   01  0.1180000E+01  0.2097933E-03
   01  0.1198000E+01  0.1056661E-02
   01  0.1200000E+01  0.1306834E-02
   02  0.1218000E+01  0.4519827E-02
   02  0.1222500E+01  0.6295882E-02
   02  0.1227000E+01  0.7991577E-02
   02  0.1231500E+01  0.9557299E-02
   02  0.1236000E+01  0.1281172E-01
   02  0.1240500E+01  0.1742814E-01
   02  0.1245000E+01  0.2149554E-01
   02  0.1249500E+01  0.2524277E-01
   02  0.1254000E+01  0.2787183E-01
   02  0.1258500E+01  0.3309449E-01
   02  0.1263000E+01  0.4075526E-01
   02  0.1267500E+01  0.5432125E-01
   02  0.1272000E+01  0.7620452E-01
   02  0.1276500E+01  0.1067798E+00
   02  0.1281000E+01  0.1449340E+00
   02  0.1285500E+01  0.1893714E+00
   02  0.1290000E+01  0.2393992E+00
   02  0.1294500E+01  0.2948878E+00
   02  0.1299000E+01  0.3558408E+00
   02  0.1303500E+01  0.4219847E+00
   02  0.1308000E+01  0.4925589E+00
   02  0.1312500E+01  0.5663209E+00
   02  0.1317000E+01  0.6417095E+00
   02  0.1321500E+01  0.7172165E+00
   02  0.1326000E+01  0.7910410E+00
   02  0.1330500E+01  0.8602783E+00
   02  0.1335000E+01  0.9201162E+00
   02  0.1339500E+01  0.9604868E+00
   02  0.1344000E+01  0.9760384E+00
   02  0.1348500E+01  0.9769198E+00
   02  0.1353000E+01  0.9741208E+00
   02  0.1357500E+01  0.9634016E+00
   02  0.1362000E+01  0.9388372E+00
   02  0.1366500E+01  0.8984847E+00
   02  0.1371000E+01  0.8441360E+00
   02  0.1375500E+01  0.7787524E+00
   02  0.1380000E+01  0.7058876E+00
   02  0.1384500E+01  0.6291024E+00
   02  0.1389000E+01  0.5515588E+00
   02  0.1393500E+01  0.4758370E+00
   02  0.1398000E+01  0.4039226E+00
   02  0.1398500E+01  0.3962301E+00
   02  0.1399000E+01  0.3886054E+00
   02  0.1399500E+01  0.3810502E+00
   02  0.1400000E+01  0.3735659E+00
   02  0.1404500E+01  0.3096239E+00
   02  0.1409000E+01  0.2522859E+00
   02  0.1413500E+01  0.2020078E+00
   02  0.1418000E+01  0.1588969E+00
   02  0.1422500E+01  0.1227498E+00
   02  0.1427000E+01  0.9310722E-01
   02  0.1431500E+01  0.6932539E-01
   02  0.1436000E+01  0.5065278E-01
   02  0.1440500E+01  0.3630031E-01
   02  0.1445000E+01  0.2550160E-01
   02  0.1449500E+01  0.1755936E-01
   02  0.1454000E+01  0.1184945E-01
   02  0.1458500E+01  0.7828681E-02
   02  0.1463000E+01  0.5082092E-02
   02  0.1467500E+01  0.3294726E-02
   02  0.1472000E+01  0.1994354E-02
   02  0.1476500E+01  0.1118435E-02
   02  0.1481000E+01  0.6919807E-03
   02  0.1485500E+01  0.4526396E-03
   01  0.1490000E+01  0.4632953E-03
   01  0.1508000E+01 -0.7659201E-05
   01  0.1526000E+01 -0.6949521E-05
   01  0.1544000E+01 -0.3700353E-05
   01  0.1562000E+01 -0.9691989E-06
   01  0.1580000E+01 -0.5275284E-07
   01  0.1598000E+01 -0.7364428E-09
   01  0.1600000E+01 -0.4723650E-09
   02  0.1618000E+01  0.7215594E-09
   02  0.1622500E+01  0.1016249E-08
   02  0.1627000E+01  0.1071251E-08
   02  0.1631500E+01  0.1083138E-08
   02  0.1636000E+01  0.8686426E-09
   02  0.1640500E+01  0.1231507E-08
   02  0.1645000E+01  0.1828239E-08
   02  0.1649500E+01  0.3736868E-08
   02  0.1654000E+01  0.1179818E-07
   02  0.1658500E+01  0.6064909E-07
   02  0.1663000E+01  0.2839764E-06
   02  0.1667500E+01  0.1408207E-05
   02  0.1672000E+01  0.6566613E-05
   02  0.1676500E+01  0.2713231E-04
   03  0.1681000E+01  0.7730128E-04
   03  0.1682125E+01  0.1013234E-03
   03  0.1683250E+01  0.1246212E-03
   03  0.1684375E+01  0.1475911E-03
   03  0.1685500E+01  0.1760345E-03
   03  0.1686625E+01  0.2281564E-03
   03  0.1687750E+01  0.2996333E-03
   03  0.1688875E+01  0.4545822E-03
   03  0.1690000E+01  0.8660693E-03
   03  0.1691125E+01  0.2839789E-02
   03  0.1692250E+01  0.9106059E-02
   03  0.1693375E+01  0.2422068E-01
   03  0.1694500E+01  0.5266880E-01
   03  0.1695625E+01  0.9807248E-01
   03  0.1696750E+01  0.1633382E+00
   03  0.1697875E+01  0.2499676E+00
   03  0.1699000E+01  0.3571483E+00
   03  0.1700125E+01  0.4808837E+00
   03  0.1701250E+01  0.6138313E+00
   03  0.1702375E+01  0.7459767E+00
   03  0.1703500E+01  0.8647611E+00
   03  0.1704625E+01  0.9521045E+00
   03  0.1705750E+01  0.9924595E+00
   03  0.1706875E+01  0.9996914E+00
   03  0.1708000E+01  0.9999876E+00
   03  0.1709125E+01  0.9999995E+00
   03  0.1710250E+01  0.1000000E+01
   03  0.1711375E+01  0.1000000E+01
   03  0.1712500E+01  0.1000000E+01
   03  0.1713625E+01  0.1000000E+01
   03  0.1714750E+01  0.1000000E+01
   03  0.1715875E+01  0.1000000E+01
   03  0.1717000E+01  0.1000000E+01
   03  0.1718125E+01  0.1000000E+01
   03  0.1719250E+01  0.1000000E+01
   03  0.1720375E+01  0.1000000E+01
   03  0.1721500E+01  0.1000000E+01
   03  0.1722625E+01  0.1000000E+01
   03  0.1723750E+01  0.1000000E+01
   03  0.1724875E+01  0.1000000E+01
   02  0.1726000E+01  0.1000000E+01
   02  0.1730500E+01  0.1000000E+01
   02  0.1735000E+01  0.1000000E+01
   02  0.1739500E+01  0.1000000E+01
   02  0.1744000E+01  0.1000000E+01
   02  0.1748500E+01  0.1000000E+01
   02  0.1753000E+01  0.1000000E+01
   02  0.1757500E+01  0.1000000E+01
   02  0.1762000E+01  0.1000000E+01
   02  0.1766500E+01  0.1000000E+01
   02  0.1771000E+01  0.1000000E+01
   02  0.1775500E+01  0.1000000E+01
   02  0.1780000E+01  0.1000000E+01
   02  0.1784500E+01  0.1000000E+01
   02  0.1789000E+01  0.1000000E+01
   02  0.1793500E+01  0.1000000E+01
   02  0.1798000E+01  0.1000000E+01
   02  0.1798500E+01  0.1000000E+01
   02  0.1799000E+01  0.1000000E+01
   02  0.1799500E+01  0.1000000E+01
   02  0.1800000E+01  0.1000000E+01
   02  0.1804500E+01  0.1000000E+01
   02  0.1809000E+01  0.1000000E+01
   02  0.1813500E+01  0.1000000E+01
   01  0.1818000E+01  0.1000000E+01
   01  0.1836000E+01  0.1000000E+01
   01  0.1854000E+01  0.1000000E+01
   01  0.1872000E+01  0.1000000E+01
   01  0.1890000E+01  0.1000000E+01
   01  0.1908000E+01  0.1000000E+01
   02  0.1926000E+01  0.1000000E+01
   02  0.1930500E+01  0.1000000E+01
   02  0.1935000E+01  0.1000000E+01
   02  0.1939500E+01  0.1000000E+01
   02  0.1944000E+01  0.1000000E+01
   02  0.1948500E+01  0.1000000E+01
   02  0.1953000E+01  0.1000000E+01
   02  0.1957500E+01  0.9999999E+00
   02  0.1962000E+01  0.9999995E+00
   02  0.1966500E+01  0.9999978E+00
   02  0.1971000E+01  0.9999909E+00
   02  0.1975500E+01  0.9999639E+00
   03  0.1980000E+01  0.9998916E+00
   03  0.1981125E+01  0.9998551E+00
   03  0.1982250E+01  0.9998202E+00
   03  0.1983375E+01  0.9997873E+00
   03  0.1984500E+01  0.9997149E+00
   03  0.1985625E+01  0.9996141E+00
   03  0.1986750E+01  0.9995311E+00
   03  0.1987875E+01  0.9994595E+00
   03  0.1989000E+01  0.9992737E+00
   03  0.1990125E+01  0.9982897E+00
   03  0.1991250E+01  0.9947575E+00
   03  0.1992375E+01  0.9853822E+00
   03  0.1993500E+01  0.9663887E+00
   03  0.1994625E+01  0.9343471E+00
   03  0.1995750E+01  0.8860503E+00
   03  0.1996875E+01  0.8191243E+00
   03  0.1998000E+01  0.7326992E+00
   03  0.1998125E+01  0.7218643E+00
   03  0.1998250E+01  0.7108002E+00
   03  0.1998375E+01  0.6995110E+00
   03  0.1998500E+01  0.6880011E+00
   03  0.1998625E+01  0.6762756E+00
   03  0.1998750E+01  0.6643398E+00
   03  0.1998875E+01  0.6521993E+00
   03  0.1999000E+01  0.6398597E+00
   03  0.1999125E+01  0.6273269E+00
   03  0.1999250E+01  0.6146063E+00
   03  0.1999375E+01  0.6017034E+00
   03  0.1999500E+01  0.5886235E+00
   03  0.1999625E+01  0.5753719E+00
   03  0.1999750E+01  0.5619544E+00
   03  0.1999875E+01  0.5483772E+00
   03  0.2000000E+01  0.5346467E+00
   03  0.2001125E+01  0.4071609E+00
   03  0.2002250E+01  0.2772959E+00
   03  0.2003375E+01  0.1581683E+00
   03  0.2004500E+01  0.6791371E-01
   03  0.2005625E+01  0.1850376E-01
   03  0.2006750E+01  0.2052709E-02
   03  0.2007875E+01  0.1500654E-03
   03  0.2009000E+01  0.8744498E-05
   03  0.2010125E+01  0.4362534E-06
   03  0.2011250E+01  0.1980778E-07
   03  0.2012375E+01  0.8519170E-09
   03  0.2013500E+01  0.3558287E-10
   03  0.2014625E+01  0.1464757E-11
   03  0.2015750E+01  0.6004493E-13
   03  0.2016875E+01  0.2621099E-14
   03  0.2018000E+01  0.3032639E-15
   03  0.2019125E+01  0.2282475E-15
   03  0.2020250E+01  0.2299650E-15
   03  0.2021375E+01  0.2356081E-15
   03  0.2022500E+01  0.2385279E-15
   03  0.2023625E+01  0.2395655E-15
   03  0.2024750E+01  0.2447621E-15
   03  0.2025875E+01  0.2528101E-15
   02  0.2027000E+01  0.3015517E-15
   02  0.2031500E+01  0.6724957E-15
   02  0.2036000E+01  0.2929239E-14
   02  0.2040500E+01  0.1475473E-13
   02  0.2045000E+01  0.7401971E-13
   02  0.2049500E+01  0.3698464E-12
   02  0.2054000E+01  0.1840493E-11
   02  0.2058500E+01  0.8890410E-11
   02  0.2063000E+01  0.4004783E-10
   02  0.2067500E+01  0.1639091E-09
   02  0.2072000E+01  0.6501337E-09
   02  0.2076500E+01  0.2575755E-08
   02  0.2081000E+01  0.9397993E-08
   02  0.2085500E+01  0.2487312E-07
   02  0.2090000E+01  0.4327244E-07
   02  0.2094500E+01  0.9094555E-07
   02  0.2099000E+01  0.1652433E-06
   02  0.2103500E+01  0.2436904E-06
   02  0.2108000E+01  0.3248243E-06
   02  0.2112500E+01  0.5748743E-06
   02  0.2117000E+01  0.9669185E-06
   02  0.2121500E+01  0.1381601E-05
   01  0.2126000E+01  0.3206321E-05
   01  0.2144000E+01  0.1755147E-04
   01  0.2162000E+01  0.8972667E-04
   01  0.2180000E+01  0.4257673E-03
   01  0.2198000E+01  0.1776809E-02
   01  0.2200000E+01  0.2115447E-02
   02  0.2218000E+01  0.6352537E-02
   02  0.2222500E+01  0.8298814E-02
   02  0.2227000E+01  0.1021599E-01
   02  0.2231500E+01  0.1202266E-01
   02  0.2236000E+01  0.1529688E-01
   02  0.2240500E+01  0.1955334E-01
   02  0.2245000E+01  0.2338337E-01
   02  0.2249500E+01  0.2695935E-01
   02  0.2254000E+01  0.2954059E-01
   02  0.2258500E+01  0.3407370E-01
   02  0.2263000E+01  0.4072519E-01
   02  0.2267500E+01  0.5290608E-01
   02  0.2272000E+01  0.7336710E-01
   02  0.2276500E+01  0.1030268E+00
   02  0.2281000E+01  0.1411690E+00
   02  0.2285500E+01  0.1864858E+00
   02  0.2290000E+01  0.2378634E+00
   02  0.2294500E+01  0.2945672E+00
   02  0.2299000E+01  0.3561047E+00
   02  0.2303500E+01  0.4220479E+00
   02  0.2308000E+01  0.4919061E+00
   02  0.2312500E+01  0.5650103E+00
   02  0.2317000E+01  0.6404454E+00
   02  0.2321500E+01  0.7169655E+00
   02  0.2326000E+01  0.7923549E+00
   02  0.2330500E+01  0.8627689E+00
   02  0.2335000E+01  0.9218402E+00
   02  0.2339500E+01  0.9575506E+00
   02  0.2344000E+01  0.9689501E+00
   02  0.2348500E+01  0.9689368E+00
   02  0.2353000E+01  0.9662070E+00
   02  0.2357500E+01  0.9561822E+00
   02  0.2362000E+01  0.9335721E+00
   02  0.2366500E+01  0.8963480E+00
   02  0.2371000E+01  0.8454525E+00
   02  0.2375500E+01  0.7830079E+00
   02  0.2380000E+01  0.7120129E+00
   02  0.2384500E+01  0.6358794E+00
   02  0.2389000E+01  0.5579765E+00
   02  0.2393500E+01  0.4812797E+00
   02  0.2398000E+01  0.4081715E+00
   02  0.2398500E+01  0.4003468E+00
   02  0.2399000E+01  0.3925911E+00
   02  0.2399500E+01  0.3849063E+00
   02  0.2400000E+01  0.3772941E+00
   02  0.2404500E+01  0.3122831E+00
   02  0.2409000E+01  0.2540554E+00
   02  0.2413500E+01  0.2030385E+00
   02  0.2418000E+01  0.1592909E+00
   02  0.2422500E+01  0.1225821E+00
   02  0.2427000E+01  0.9245721E-01
   02  0.2431500E+01  0.6829628E-01
   02  0.2436000E+01  0.4937026E-01
   02  0.2440500E+01  0.3489617E-01
   02  0.2445000E+01  0.2409276E-01
   02  0.2449500E+01  0.1623132E-01
   02  0.2454000E+01  0.1064829E-01
   02  0.2458500E+01  0.6767067E-02
   02  0.2463000E+01  0.4157976E-02
   02  0.2467500E+01  0.2512845E-02
   02  0.2472000E+01  0.1425191E-02
   02  0.2476500E+01  0.7655487E-03
   02  0.2481000E+01  0.4683449E-03
   02  0.2485500E+01  0.3062924E-03
   01  0.2490000E+01  0.3152901E-03
   01  0.2508000E+01 -0.1078961E-04
   01  0.2526000E+01 -0.9886280E-05
   01  0.2544000E+01 -0.6326295E-05
   01  0.2562000E+01 -0.2391472E-05
   01  0.2580000E+01 -0.3902865E-06
   01  0.2598000E+01 -0.1583896E-07
   01  0.2600000E+01 -0.1287372E-07
   02  0.2618000E+01  0.3232141E-08
   02  0.2622500E+01  0.6095681E-08
   02  0.2627000E+01  0.7504496E-08
   02  0.2631500E+01  0.8945447E-08
   02  0.2636000E+01  0.8928601E-08
   02  0.2640500E+01  0.1346919E-07
   02  0.2645000E+01  0.2072064E-07
   02  0.2649500E+01  0.4112436E-07
   02  0.2654000E+01  0.1157947E-06
   02  0.2658500E+01  0.5374908E-06
   02  0.2663000E+01  0.2332861E-05
   02  0.2667500E+01  0.1046592E-04
   02  0.2672000E+01  0.4467690E-04
   02  0.2676500E+01  0.1632204E-03
   03  0.2681000E+01  0.4208596E-03
   03  0.2682125E+01  0.5358872E-03
   03  0.2683250E+01  0.6500347E-03
   03  0.2684375E+01  0.7628005E-03
   03  0.2685500E+01  0.8781781E-03
   03  0.2686625E+01  0.1109146E-02
   03  0.2687750E+01  0.1385946E-02
   03  0.2688875E+01  0.1954964E-02
   03  0.2690000E+01  0.3340385E-02
   03  0.2691125E+01  0.9114142E-02
   03  0.2692250E+01  0.2160314E-01
   03  0.2693375E+01  0.4353271E-01
   03  0.2694500E+01  0.7741120E-01
   03  0.2695625E+01  0.1254297E+00
   03  0.2696750E+01  0.1891991E+00
   03  0.2697875E+01  0.2694103E+00
   03  0.2699000E+01  0.3654077E+00
   03  0.2700125E+01  0.4746477E+00
   03  0.2701250E+01  0.5923414E+00
   03  0.2702375E+01  0.7116670E+00
   03  0.2703500E+01  0.8241374E+00
   03  0.2704625E+01  0.9185927E+00
   03  0.2705750E+01  0.9775445E+00
   03  0.2706875E+01  0.9982784E+00
   03  0.2708000E+01  0.9999319E+00
   03  0.2709125E+01  0.9999972E+00
   03  0.2710250E+01  0.9999999E+00
   03  0.2711375E+01  0.1000000E+01
   03  0.2712500E+01  0.1000000E+01
   03  0.2713625E+01  0.1000000E+01
   03  0.2714750E+01  0.1000000E+01
   03  0.2715875E+01  0.1000000E+01
   03  0.2717000E+01  0.1000000E+01
   03  0.2718125E+01  0.1000000E+01
   03  0.2719250E+01  0.1000000E+01
   03  0.2720375E+01  0.1000000E+01
   03  0.2721500E+01  0.1000000E+01
   03  0.2722625E+01  0.1000000E+01
   03  0.2723750E+01  0.1000000E+01
   03  0.2724875E+01  0.1000000E+01
   02  0.2726000E+01  0.1000000E+01
   02  0.2730500E+01  0.1000000E+01
   02  0.2735000E+01  0.1000000E+01
   02  0.2739500E+01  0.1000000E+01
   02  0.2744000E+01  0.1000000E+01
   02  0.2748500E+01  0.1000000E+01
   02  0.2753000E+01  0.1000000E+01
   02  0.2757500E+01  0.1000000E+01
   02  0.2762000E+01  0.1000000E+01
   02  0.2766500E+01  0.1000000E+01
   02  0.2771000E+01  0.1000000E+01
   02  0.2775500E+01  0.1000000E+01
   02  0.2780000E+01  0.1000000E+01
   02  0.2784500E+01  0.1000000E+01
   02  0.2789000E+01  0.1000000E+01
   02  0.2793500E+01  0.1000000E+01
   02  0.2798000E+01  0.1000000E+01
   02  0.2798500E+01  0.1000000E+01
   02  0.2799000E+01  0.1000000E+01
   02  0.2799500E+01  0.1000000E+01
   02  0.2800000E+01  0.1000000E+01
   02  0.2804500E+01  0.1000000E+01
   02  0.2809000E+01  0.1000000E+01
   02  0.2813500E+01  0.1000000E+01
   01  0.2818000E+01  0.1000000E+01
   01  0.2836000E+01  0.1000000E+01
   01  0.2854000E+01  0.1000000E+01
   01  0.2872000E+01  0.1000000E+01
   01  0.2890000E+01  0.1000000E+01
   01  0.2908000E+01  0.1000000E+01
   02  0.2926000E+01  0.1000000E+01
   02  0.2930500E+01  0.1000000E+01
   02  0.2935000E+01  0.1000000E+01
   02  0.2939500E+01  0.1000000E+01
   02  0.2944000E+01  0.1000000E+01
   02  0.2948500E+01  0.1000000E+01
   02  0.2953000E+01  0.9999998E+00
   02  0.2957500E+01  0.9999993E+00
   02  0.2962000E+01  0.9999968E+00
   02  0.2966500E+01  0.9999869E+00
   02  0.2971000E+01  0.9999488E+00
   02  0.2975500E+01  0.9998135E+00
   03  0.2980000E+01  0.9994968E+00
   03  0.2981125E+01  0.9993597E+00
   03  0.2982250E+01  0.9992235E+00
   03  0.2983375E+01  0.9990952E+00
   03  0.2984500E+01  0.9988493E+00
   03  0.2985625E+01  0.9985029E+00
   03  0.2986750E+01  0.9982351E+00
   03  0.2987875E+01  0.9980025E+00
   03  0.2989000E+01  0.9974780E+00
   03  0.2990125E+01  0.9948096E+00
   03  0.2991250E+01  0.9873972E+00
   03  0.2992375E+01  0.9725807E+00
   03  0.2993500E+01  0.9482414E+00
   03  0.2994625E+01  0.9121564E+00
   03  0.2995750E+01  0.8623552E+00
   03  0.2996875E+01  0.7974622E+00
   03  0.2998000E+01  0.7170739E+00
   03  0.2998125E+01  0.7071707E+00
   03  0.2998250E+01  0.6970855E+00
   03  0.2998375E+01  0.6868211E+00
   03  0.2998500E+01  0.6763807E+00
   03  0.2998625E+01  0.6657678E+00
   03  0.2998750E+01  0.6549860E+00
   03  0.2998875E+01  0.6440395E+00
   03  0.2999000E+01  0.6329324E+00
   03  0.2999125E+01  0.6216691E+00
   03  0.2999250E+01  0.6102539E+00
   03  0.2999375E+01  0.5986914E+00
   03  0.2999500E+01  0.5869862E+00
   03  0.2999625E+01  0.5751427E+00
   03  0.2999750E+01  0.5631655E+00
   03  0.2999875E+01  0.5510588E+00
   03  0.3000000E+01  0.5388268E+00
   03  0.3001125E+01  0.4249599E+00
   03  0.3002250E+01  0.3072683E+00
   03  0.3003375E+01  0.1940891E+00
   03  0.3004500E+01  0.9861605E-01
   03  0.3005625E+01  0.3496518E-01
   03  0.3006750E+01  0.6723292E-02
   03  0.3007875E+01  0.5630741E-03
   03  0.3009000E+01  0.3740995E-04
   03  0.3010125E+01  0.2011739E-05
   03  0.3011250E+01  0.9486958E-07
   03  0.3012375E+01  0.4156861E-08
   03  0.3013500E+01  0.1753082E-09
   03  0.3014625E+01  0.7259657E-11
   03  0.3015750E+01  0.3006425E-12
   03  0.3016875E+01  0.1515779E-13
   03  0.3018000E+01  0.3773120E-14
   03  0.3019125E+01  0.3499897E-14
   03  0.3020250E+01  0.3564839E-14
   03  0.3021375E+01  0.3657960E-14
   03  0.3022500E+01  0.3689729E-14
   03  0.3023625E+01  0.3692767E-14
   03  0.3024750E+01  0.3755913E-14
   03  0.3025875E+01  0.3858429E-14
   02  0.3027000E+01  0.4422965E-14
   02  0.3031500E+01  0.8624179E-14
   02  0.3036000E+01  0.3068974E-13
   02  0.3040500E+01  0.1309006E-12
   02  0.3045000E+01  0.5657380E-12
   02  0.3049500E+01  0.2450039E-11
   02  0.3054000E+01  0.1071506E-10
   02  0.3058500E+01  0.4700031E-10
   02  0.3063000E+01  0.2048260E-09
   02  0.3067500E+01  0.8307506E-09
   02  0.3072000E+01  0.3032796E-08
   02  0.3076500E+01  0.1058305E-07
   02  0.3081000E+01  0.3333291E-07
   02  0.3085500E+01  0.8113658E-07
   02  0.3090000E+01  0.1288235E-06
   02  0.3094500E+01  0.2454606E-06
   02  0.3099000E+01  0.4301813E-06
   02  0.3103500E+01  0.6262167E-06
   02  0.3108000E+01  0.8246309E-06
   02  0.3112500E+01  0.1418129E-05
   02  0.3117000E+01  0.2345887E-05
   02  0.3121500E+01  0.3327035E-05
   01  0.3126000E+01  0.7595335E-05
   01  0.3144000E+01  0.3537805E-04
   01  0.3162000E+01  0.1546964E-03
   01  0.3180000E+01  0.6461740E-03
   01  0.3198000E+01  0.2471448E-02
   01  0.3200000E+01  0.2877597E-02
   02  0.3218000E+01  0.7770873E-02
   02  0.3222500E+01  0.9823356E-02
   02  0.3227000E+01  0.1186309E-01
   02  0.3231500E+01  0.1380183E-01
   02  0.3236000E+01  0.1704625E-01
   02  0.3240500E+01  0.2112312E-01
   02  0.3245000E+01  0.2483382E-01
   02  0.3249500E+01  0.2832002E-01
   02  0.3254000E+01  0.3088384E-01
   02  0.3258500E+01  0.3510471E-01
   02  0.3263000E+01  0.4126008E-01
   02  0.3267500E+01  0.5266080E-01
   02  0.3272000E+01  0.7215798E-01
   02  0.3276500E+01  0.1009429E+00
   02  0.3281000E+01  0.1385890E+00
   02  0.3285500E+01  0.1839235E+00
   02  0.3290000E+01  0.2357500E+00
   02  0.3294500E+01  0.2930960E+00
   02  0.3299000E+01  0.3552089E+00
   02  0.3303500E+01  0.4215136E+00
   02  0.3308000E+01  0.4915507E+00
   02  0.3312500E+01  0.5648209E+00
   02  0.3317000E+01  0.6406189E+00
   02  0.3321500E+01  0.7177158E+00
   02  0.3326000E+01  0.7936068E+00
   02  0.3330500E+01  0.8639555E+00
   02  0.3335000E+01  0.9214273E+00
   02  0.3339500E+01  0.9537562E+00
   02  0.3344000E+01  0.9626656E+00
   02  0.3348500E+01  0.9624181E+00
   02  0.3353000E+01  0.9597106E+00
   02  0.3357500E+01  0.9500737E+00
   02  0.3362000E+01  0.9286949E+00
   02  0.3366500E+01  0.8936418E+00
   02  0.3371000E+01  0.8454278E+00
   02  0.3375500E+01  0.7856405E+00
   02  0.3380000E+01  0.7167861E+00
   02  0.3384500E+01  0.6419536E+00
   02  0.3389000E+01  0.5644215E+00
   02  0.3393500E+01  0.4872893E+00
   02  0.3398000E+01  0.4132006E+00
   02  0.3398500E+01  0.4052449E+00
   02  0.3399000E+01  0.3973560E+00
   02  0.3399500E+01  0.3895361E+00
   02  0.3400000E+01  0.3817870E+00
   02  0.3404500E+01  0.3155251E+00
   02  0.3409000E+01  0.2561251E+00
   02  0.3413500E+01  0.2041238E+00
   02  0.3418000E+01  0.1596046E+00
   02  0.3422500E+01  0.1223114E+00
   02  0.3427000E+01  0.9174976E-01
   02  0.3431500E+01  0.6726853E-01
   02  0.3436000E+01  0.4812265E-01
   02  0.3440500E+01  0.3352279E-01
   02  0.3445000E+01  0.2268205E-01
   02  0.3449500E+01  0.1485961E-01
   02  0.3454000E+01  0.9372045E-02
   02  0.3458500E+01  0.5623828E-02
   02  0.3463000E+01  0.3173279E-02
   02  0.3467500E+01  0.1705324E-02
   02  0.3472000E+01  0.8578967E-03
   02  0.3476500E+01  0.4266047E-03
   02  0.3481000E+01  0.2593967E-03
   02  0.3485500E+01  0.1698266E-03
   01  0.3490000E+01  0.1737866E-03
   01  0.3508000E+01 -0.1187710E-04
   01  0.3526000E+01 -0.1107850E-04
   01  0.3544000E+01 -0.7899121E-05
   01  0.3562000E+01 -0.3720113E-05
   01  0.3580000E+01 -0.9614762E-06
   01  0.3598000E+01 -0.6072850E-07
   01  0.3600000E+01 -0.4843970E-07
   02  0.3618000E+01  0.2362335E-07
   02  0.3622500E+01  0.3560918E-07
   02  0.3627000E+01  0.4427278E-07
   02  0.3631500E+01  0.5308695E-07
   02  0.3636000E+01  0.5549915E-07
   02  0.3640500E+01  0.7958496E-07
   02  0.3645000E+01  0.1176144E-06
   02  0.3649500E+01  0.2197576E-06
   02  0.3654000E+01  0.5696401E-06
   02  0.3658500E+01  0.2464715E-05
   02  0.3663000E+01  0.1030106E-04
   02  0.3667500E+01  0.4306636E-04
   02  0.3672000E+01  0.1708802E-03
   02  0.3676500E+01  0.5442208E-03
   03  0.3681000E+01  0.1265636E-02
   03  0.3682125E+01  0.1556053E-02
   03  0.3683250E+01  0.1844576E-02
   03  0.3684375E+01  0.2130237E-02
   03  0.3685500E+01  0.2426572E-02
   03  0.3686625E+01  0.2989372E-02
   03  0.3687750E+01  0.3588476E-02
   03  0.3688875E+01  0.4778155E-02
   03  0.3690000E+01  0.7372773E-02
   03  0.3691125E+01  0.1636201E-01
   03  0.3692250E+01  0.3260592E-01
   03  0.3693375E+01  0.5799704E-01
   03  0.3694500E+01  0.9431823E-01
   03  0.3695625E+01  0.1430357E+00
   03  0.3696750E+01  0.2051497E+00
   03  0.3697875E+01  0.2809822E+00
   03  0.3699000E+01  0.3699550E+00
   03  0.3700125E+01  0.4702464E+00
   03  0.3701250E+01  0.5783855E+00
   03  0.3702375E+01  0.6891777E+00
   03  0.3703500E+01  0.7960386E+00
   03  0.3704625E+01  0.8907305E+00
   03  0.3705750E+01  0.9606063E+00
   03  0.3706875E+01  0.9934993E+00
   03  0.3708000E+01  0.9997283E+00
   03  0.3709125E+01  0.9999890E+00
   03  0.3710250E+01  0.9999996E+00
   03  0.3711375E+01  0.1000000E+01
   03  0.3712500E+01  0.1000000E+01
   03  0.3713625E+01  0.1000000E+01
   03  0.3714750E+01  0.1000000E+01
   03  0.3715875E+01  0.1000000E+01
   03  0.3717000E+01  0.1000000E+01
   03  0.3718125E+01  0.1000000E+01
   03  0.3719250E+01  0.1000000E+01
   03  0.3720375E+01  0.1000000E+01
   03  0.3721500E+01  0.1000000E+01
   03  0.3722625E+01  0.1000000E+01
   03  0.3723750E+01  0.1000000E+01
   03  0.3724875E+01  0.1000000E+01
   02  0.3726000E+01  0.1000000E+01
   02  0.3730500E+01  0.1000000E+01
   02  0.3735000E+01  0.1000000E+01
   02  0.3739500E+01  0.1000000E+01
   02  0.3744000E+01  0.1000000E+01
   02  0.3748500E+01  0.1000000E+01
   02  0.3753000E+01  0.1000000E+01
   02  0.3757500E+01  0.1000000E+01
   02  0.3762000E+01  0.1000000E+01
   02  0.3766500E+01  0.1000000E+01
   02  0.3771000E+01  0.1000000E+01
   02  0.3775500E+01  0.1000000E+01
   02  0.3780000E+01  0.1000000E+01
   02  0.3784500E+01  0.1000000E+01
   02  0.3789000E+01  0.1000000E+01
   02  0.3793500E+01  0.1000000E+01
   02  0.3798000E+01  0.1000000E+01
   02  0.3798500E+01  0.1000000E+01
   02  0.3799000E+01  0.1000000E+01
   02  0.3799500E+01  0.1000000E+01
   02  0.3800000E+01  0.1000000E+01
   02  0.3804500E+01  0.1000000E+01
   02  0.3809000E+01  0.1000000E+01
   02  0.3813500E+01  0.1000000E+01
   01  0.3818000E+01  0.1000000E+01
   01  0.3836000E+01  0.1000000E+01
   01  0.3854000E+01  0.1000000E+01
   01  0.3872000E+01  0.1000000E+01
   01  0.3890000E+01  0.1000000E+01
   01  0.3908000E+01  0.1000000E+01
   02  0.3926000E+01  0.1000000E+01
   02  0.3930500E+01  0.9999999E+00
   02  0.3935000E+01  0.9999999E+00
   02  0.3939500E+01  0.9999999E+00
   02  0.3944000E+01  0.9999999E+00
   02  0.3948500E+01  0.9999998E+00
   02  0.3953000E+01  0.9999993E+00
   02  0.3957500E+01  0.9999971E+00
   02  0.3962000E+01  0.9999880E+00
   02  0.3966500E+01  0.9999529E+00
   02  0.3971000E+01  0.9998266E+00
   02  0.3975500E+01  0.9994367E+00
   03  0.3980000E+01  0.9986414E+00
   03  0.3981125E+01  0.9983287E+00
   03  0.3982250E+01  0.9980178E+00
   03  0.3983375E+01  0.9977228E+00
   03  0.3984500E+01  0.9972176E+00
   03  0.3985625E+01  0.9964907E+00
   03  0.3986750E+01  0.9959586E+00
   03  0.3987875E+01  0.9954938E+00
   03  0.3989000E+01  0.9945821E+00
   03  0.3990125E+01  0.9903013E+00
   03  0.3991250E+01  0.9800950E+00
   03  0.3992375E+01  0.9620556E+00
   03  0.3993500E+01  0.9348154E+00
   03  0.3994625E+01  0.8968176E+00
   03  0.3995750E+01  0.8467282E+00
   03  0.3996875E+01  0.7836740E+00
   03  0.3998000E+01  0.7074718E+00
   03  0.3998125E+01  0.6981849E+00
   03  0.3998250E+01  0.6887433E+00
   03  0.3998375E+01  0.6791493E+00
   03  0.3998500E+01  0.6694053E+00
   03  0.3998625E+01  0.6595140E+00
   03  0.3998750E+01  0.6494781E+00
   03  0.3998875E+01  0.6393009E+00
   03  0.3999000E+01  0.6289858E+00
   03  0.3999125E+01  0.6185362E+00
   03  0.3999250E+01  0.6079559E+00
   03  0.3999375E+01  0.5972488E+00
   03  0.3999500E+01  0.5864185E+00
   03  0.3999625E+01  0.5754688E+00
   03  0.3999750E+01  0.5644035E+00
   03  0.3999875E+01  0.5532262E+00
