# gauge_id=     0 location=(   0.1000000E+00 ) num_eqn=  1
# Columns: level time q(1 ... num_eqn)
   03  0.0000000E+00  0.0000000E+00
   03  0.6666667E-02  0.0000000E+00
   03  0.1333333E-01  0.0000000E+00
   03  0.2000000E-01  0.0000000E+00
   03  0.2666667E-01  0.0000000E+00
   03  0.3333333E-01  0.0000000E+00
   03  0.3888889E-01  0.0000000E+00
   03  0.4444444E-01  0.0000000E+00
   03  0.5000000E-01  0.0000000E+00
   03  0.5555556E-01  0.4508261E-08
   03  0.6111111E-01  0.1950425E-01
   03  0.6527778E-01  0.1024644E+00
   03  0.6944444E-01  0.2632183E+00
   03  0.7361111E-01  0.4599143E+00
   03  0.7777778E-01  0.5460628E+00
   03  0.8333333E-01  0.5927917E+00
   03  0.8750000E-01  0.6105765E+00
   03  0.9166667E-01  0.6243325E+00
   03  0.9583333E-01  0.6356455E+00
   03  0.1000000E+00  0.6453330E+00
   03  0.1050448E+00  0.6556627E+00
   03  0.1100895E+00  0.6647332E+00
   03  0.1151343E+00  0.6728774E+00
   03  0.1201791E+00  0.6803061E+00
   03  0.1252238E+00  0.6871611E+00
   03  0.1302686E+00  0.6935421E+00
   03  0.1353134E+00  0.6995222E+00
   03  0.1403581E+00  0.7051566E+00
   03  0.1452945E+00  0.7103735E+00
   03  0.1502308E+00  0.7153331E+00
   03  0.1551672E+00  0.7200616E+00
   03  0.1601035E+00  0.7245807E+00
   03  0.1650399E+00  0.7289085E+00
   03  0.1699762E+00  0.7330595E+00
   03  0.1749126E+00  0.7370457E+00
   02  0.1798489E+00  0.7428932E+00
   02  0.1899245E+00  0.7517126E+00
   02  0.2000000E+00  0.7596433E+00
   02  0.2192388E+00  0.7730111E+00
   02  0.2384775E+00  0.7843462E+00
   02  0.2577863E+00  0.7923705E+00
   02  0.2770950E+00  0.7997449E+00
   02  0.2885475E+00  0.8041122E+00
   02  0.3000000E+00  0.8082713E+00
   02  0.3190722E+00  0.8148871E+00
   01  0.3381443E+00  0.8213634E+00
   01  0.3765812E+00  0.8335197E+00
   01  0.4000000E+00  0.8397968E+00
   01  0.4382590E+00  0.8467811E+00
   01  0.4768172E+00  0.8530473E+00
   01  0.5000000E+00  0.8563906E+00
   01  0.5383971E+00  0.8616113E+00
   01  0.5772141E+00  0.8664123E+00
   01  0.6000000E+00  0.8689878E+00
   01  0.6382282E+00  0.8730997E+00
   01  0.6767906E+00  0.8769243E+00
   01  0.7000000E+00  0.8790540E+00
   01  0.7380403E+00  0.8823937E+00
   01  0.7762645E+00  0.8855198E+00
   01  0.8000000E+00  0.8873331E+00
   01  0.8382184E+00  0.8901377E+00
   01  0.8766352E+00  0.8927834E+00
   01  0.9000000E+00  0.8942968E+00
   01  0.9381230E+00  0.8966796E+00
   01  0.9765878E+00  0.8989502E+00
