# gauge_id=     1 location=(   0.5000000E+00 ) num_eqn=  1
# Columns: level time q(1 ... num_eqn)
   01  0.0000000E+00  0.0000000E+00
   01  0.1000000E+00  0.0000000E+00
   01  0.1403581E+00  0.0000000E+00
   01  0.1798489E+00  0.0000000E+00
   02  0.2000000E+00  0.0000000E+00
   02  0.2192388E+00  0.0000000E+00
   02  0.2384775E+00  0.0000000E+00
   02  0.2577863E+00  0.0000000E+00
   03  0.2770950E+00  0.0000000E+00
   03  0.2799581E+00  0.0000000E+00
   03  0.2828212E+00  0.0000000E+00
   03  0.2856844E+00  0.0000000E+00
   03  0.2885475E+00  0.0000000E+00
   03  0.2914106E+00  0.0000000E+00
   03  0.2942737E+00  0.0000000E+00
   03  0.2971369E+00  0.0000000E+00
   03  0.3000000E+00  0.0000000E+00
   03  0.3047680E+00  0.0000000E+00
   03  0.3095361E+00  0.0000000E+00
   03  0.3143041E+00  0.0000000E+00
   03  0.3190722E+00  0.0000000E+00
   03  0.3238402E+00  0.0000000E+00
   03  0.3286082E+00  0.0000000E+00
   03  0.3333763E+00  0.3182265E-69
   03  0.3381443E+00  0.6075600E-26
   03  0.3429489E+00  0.8959572E-09
   03  0.3477535E+00  0.7458539E-03
   03  0.3525581E+00  0.6626905E-01
   03  0.3573627E+00  0.2438698E+00
   03  0.3621673E+00  0.3959601E+00
   03  0.3669719E+00  0.5084309E+00
   03  0.3717765E+00  0.5394030E+00
   03  0.3765812E+00  0.5534433E+00
   03  0.3795085E+00  0.5591882E+00
   03  0.3824359E+00  0.5641308E+00
   03  0.3853632E+00  0.5684853E+00
   03  0.3882906E+00  0.5723930E+00
   03  0.3912179E+00  0.5759512E+00
   03  0.3941453E+00  0.5792290E+00
   03  0.3970726E+00  0.5822771E+00
   03  0.4000000E+00  0.5851335E+00
   03  0.4047824E+00  0.5895351E+00
   03  0.4095647E+00  0.5935674E+00
   03  0.4143471E+00  0.5973096E+00
   03  0.4191295E+00  0.6008174E+00
   03  0.4239118E+00  0.6041328E+00
   03  0.4286942E+00  0.6072869E+00
   03  0.4334766E+00  0.6103087E+00
   03  0.4382590E+00  0.6132278E+00
   03  0.4430787E+00  0.6160951E+00
   03  0.4478985E+00  0.6189867E+00
   03  0.4527183E+00  0.6219013E+00
   03  0.4575381E+00  0.6248290E+00
   03  0.4623579E+00  0.6277623E+00
   03  0.4671776E+00  0.6309967E+00
   03  0.4719974E+00  0.6342093E+00
   02  0.4768172E+00  0.6371657E+00
   02  0.4884086E+00  0.6452964E+00
   02  0.5000000E+00  0.6520157E+00
   02  0.5191986E+00  0.6589463E+00
   02  0.5383971E+00  0.6652673E+00
   02  0.5578056E+00  0.6712348E+00
   02  0.5772141E+00  0.6768718E+00
   02  0.5886071E+00  0.6800147E+00
   02  0.6000000E+00  0.6830710E+00
   02  0.6191141E+00  0.6880359E+00
   02  0.6382282E+00  0.6930221E+00
   02  0.6575094E+00  0.6984957E+00
   01  0.6767906E+00  0.7043093E+00
   01  0.7000000E+00  0.7098088E+00
   01  0.7380403E+00  0.7182177E+00
   01  0.7762645E+00  0.7258399E+00
   01  0.8000000E+00  0.7301736E+00
   01  0.8382184E+00  0.7368250E+00
   01  0.8766352E+00  0.7430411E+00
   01  0.9000000E+00  0.7465770E+00
   01  0.9381230E+00  0.7521333E+00
   01  0.9765878E+00  0.7574166E+00
