# gauge_id= 1 location=(   0.5000000E+00 ) num_eqn=  1
# Columns: level time q(1 ... num_eqn)
   01  0.0000000E+00  0.5000000E+00
   01  0.1000000E-02  0.5034575E+00
   01  0.1100914E-01  0.5385007E+00
   01  0.2102156E-01  0.5781153E+00
   01  0.3103708E-01  0.6230599E+00
   01  0.4105656E-01  0.6741847E+00
   01  0.5000000E-01  0.7261052E+00
   01  0.6003019E-01  0.7913216E+00
   01  0.7007018E-01  0.8649293E+00
   01  0.8011052E-01  0.9468026E+00
   01  0.9015209E-01  0.1035746E+01
   01  0.1000000E+00  0.1127051E+01
   01  0.1100469E+00  0.1219478E+01
   01  0.1200987E+00  0.1304874E+01
   01  0.1301562E+00  0.1376753E+01
   01  0.1402207E+00  0.1433817E+01
   02  0.1500000E+00  0.1468918E+01
   02  0.1550371E+00  0.1478511E+01
   02  0.1600743E+00  0.1486022E+01
   02  0.1651120E+00  0.1489154E+01
   02  0.1701497E+00  0.1488742E+01
   02  0.1751861E+00  0.1487042E+01
   02  0.1802225E+00  0.1484061E+01
   02  0.1852603E+00  0.1478720E+01
   02  0.1902981E+00  0.1471606E+01
   02  0.1951491E+00  0.1463644E+01
   02  0.2000000E+00  0.1454618E+01
   02  0.2050388E+00  0.1444602E+01
   01  0.2100776E+00  0.1433632E+01
   01  0.2201566E+00  0.1411223E+01
   01  0.2302353E+00  0.1387670E+01
   01  0.2403146E+00  0.1363756E+01
   01  0.2500000E+00  0.1340145E+01
   01  0.2600802E+00  0.1315498E+01
   01  0.2701620E+00  0.1291015E+01
   01  0.2802571E+00  0.1266828E+01
   01  0.2903832E+00  0.1243004E+01
   01  0.3000000E+00  0.1220864E+01
   01  0.3102455E+00  0.1197814E+01
   01  0.3205659E+00  0.1175202E+01
   01  0.3309790E+00  0.1153021E+01
   01  0.3414788E+00  0.1131306E+01
   01  0.3500000E+00  0.1114214E+01
   01  0.3606977E+00  0.1093293E+01
   01  0.3714844E+00  0.1072865E+01
   01  0.3823714E+00  0.1052910E+01
   01  0.3933704E+00  0.1033407E+01
   01  0.4000000E+00  0.1022039E+01
   01  0.4112335E+00  0.1003159E+01
   01  0.4225487E+00  0.9847785E+00
   01  0.4339580E+00  0.9668676E+00
   01  0.4454897E+00  0.9493733E+00
   01  0.4500000E+00  0.9427615E+00
   01  0.4617722E+00  0.9257310E+00
   01  0.4736122E+00  0.9091842E+00
   01  0.4855563E+00  0.8930562E+00
   01  0.4976200E+00  0.8773160E+00
