# gauge_id= 0 location=(   0.1000000E+00 ) num_eqn=  1
# Columns: level time q(1 ... num_eqn)
   01  0.0000000E+00  0.1086980E+01
   01  0.1000000E-02  0.1081501E+01
   01  0.1100914E-01  0.1027044E+01
   01  0.2102156E-01  0.9763695E+00
   01  0.3103708E-01  0.9295558E+00
   01  0.4105656E-01  0.8864594E+00
   01  0.5000000E-01  0.8511032E+00
   01  0.6003019E-01  0.8143104E+00
   01  0.7007018E-01  0.7804166E+00
   01  0.8011052E-01  0.7491718E+00
   01  0.9015209E-01  0.7203071E+00
   01  0.1000000E+00  0.6941007E+00
   01  0.1100469E+00  0.6692564E+00
   01  0.1200987E+00  0.6461413E+00
   01  0.1301562E+00  0.6245859E+00
   01  0.1402207E+00  0.6044389E+00
   01  0.1500000E+00  0.5861167E+00
   01  0.1600743E+00  0.5683823E+00
   01  0.1701497E+00  0.5517179E+00
   01  0.1802225E+00  0.5360360E+00
   01  0.1902981E+00  0.5212443E+00
   01  0.2000000E+00  0.5077913E+00
   01  0.2100776E+00  0.4945437E+00
   01  0.2201566E+00  0.4819909E+00
   01  0.2302353E+00  0.4700814E+00
   01  0.2403146E+00  0.4587656E+00
   01  0.2500000E+00  0.4484211E+00
   01  0.2600802E+00  0.4381463E+00
   01  0.2701620E+00  0.4283466E+00
   01  0.2802571E+00  0.4189785E+00
   01  0.2903832E+00  0.4099981E+00
   01  0.3000000E+00  0.4018401E+00
   01  0.3102455E+00  0.3934997E+00
   01  0.3205659E+00  0.3854521E+00
   01  0.3309790E+00  0.3776693E+00
   01  0.3414788E+00  0.3701432E+00
   01  0.3500000E+00  0.3642826E+00
   01  0.3606977E+00  0.3571619E+00
   01  0.3714844E+00  0.3502671E+00
   01  0.3823714E+00  0.3435810E+00
   01  0.3933704E+00  0.3370880E+00
   01  0.4000000E+00  0.3333246E+00
   01  0.4112335E+00  0.3270930E+00
   01  0.4225487E+00  0.3210544E+00
   01  0.4339580E+00  0.3151940E+00
   01  0.4454897E+00  0.3094904E+00
   01  0.4500000E+00  0.3073416E+00
   01  0.4617722E+00  0.3018127E+00
   01  0.4736122E+00  0.2964552E+00
   01  0.4855563E+00  0.2912455E+00
   01  0.4976200E+00  0.2861715E+00
