# gauge_id=     1 location=(   0.5000000E+00 ) num_eqn=  1
# Columns: level time q(1 ... num_eqn)
   01  0.0000000E+00  0.1000000E+01
   01  0.1000000E+00  0.1000000E+01
   01  0.1630000E+00  0.1000000E+01
   01  0.2000000E+00  0.1000000E+01
   01  0.2630000E+00  0.1000000E+01
   01  0.3000000E+00  0.1000000E+01
   02  0.3630000E+00  0.9999911E+00
   02  0.3815000E+00  0.9996719E+00
   02  0.4000000E+00  0.9982256E+00
   02  0.4315000E+00  0.9916591E+00
   02  0.4630000E+00  0.9739866E+00
   02  0.4815000E+00  0.9556204E+00
   02  0.5000000E+00  0.9343088E+00
   02  0.5315000E+00  0.8953716E+00
   02  0.5630000E+00  0.8548463E+00
   02  0.5815000E+00  0.8318851E+00
   02  0.6000000E+00  0.8097959E+00
   02  0.6315000E+00  0.7737536E+00
   01  0.6630000E+00  0.7399978E+00
   01  0.7000000E+00  0.7049931E+00
   01  0.7630000E+00  0.6508231E+00
   01  0.8000000E+00  0.6237022E+00
   01  0.8630000E+00  0.5813369E+00
   01  0.9000000E+00  0.5597715E+00
   01  0.9630005E+00  0.5257806E+00
