# gauge_id=     0 location=(   0.1000000E+00 ) num_eqn=  1
# Columns: level time q(1 ... num_eqn)
   03  0.0000000E+00  0.1000000E+01
   03  0.6250000E-02  0.1000000E+01
   03  0.1250000E-01  0.1000000E+01
   03  0.1875000E-01  0.1000000E+01
   03  0.2500000E-01  0.1000000E+01
   03  0.3125000E-01  0.1000000E+01
   03  0.3750000E-01  0.1000000E+01
   03  0.4375000E-01  0.1000000E+01
   03  0.5000000E-01  0.1000000E+01
   03  0.5625000E-01  0.1000000E+01
   03  0.6250000E-01  0.1000000E+01
   03  0.6875000E-01  0.9984335E+00
   03  0.7500000E-01  0.9902071E+00
   03  0.8125000E-01  0.9721171E+00
   03  0.8750000E-01  0.9454992E+00
   03  0.9375000E-01  0.9137718E+00
   03  0.1000000E+00  0.8799791E+00
   03  0.1078750E+00  0.8372889E+00
   03  0.1157500E+00  0.7962021E+00
   03  0.1236250E+00  0.7577521E+00
   03  0.1315000E+00  0.7222072E+00
   03  0.1393750E+00  0.6895023E+00
   03  0.1472500E+00  0.6594418E+00
   03  0.1551250E+00  0.6317897E+00
   03  0.1630000E+00  0.6063090E+00
   03  0.1676250E+00  0.5924893E+00
   03  0.1722500E+00  0.5792778E+00
   03  0.1768750E+00  0.5666373E+00
   03  0.1815000E+00  0.5545332E+00
   03  0.1861250E+00  0.5429336E+00
   03  0.1907500E+00  0.5318085E+00
   03  0.1953750E+00  0.5211303E+00
   03  0.2000000E+00  0.5108733E+00
   03  0.2078750E+00  0.4940851E+00
   03  0.2157500E+00  0.4783769E+00
   03  0.2236250E+00  0.4636490E+00
   03  0.2315000E+00  0.4498132E+00
   03  0.2393750E+00  0.4367914E+00
   03  0.2472500E+00  0.4245141E+00
   03  0.2551250E+00  0.4129193E+00
   03  0.2630000E+00  0.4019517E+00
   03  0.2676250E+00  0.3958496E+00
   03  0.2722500E+00  0.3899325E+00
   03  0.2768750E+00  0.3841920E+00
   03  0.2815000E+00  0.3786203E+00
   03  0.2861250E+00  0.3732101E+00
   03  0.2907500E+00  0.3679545E+00
   03  0.2953750E+00  0.3628470E+00
   03  0.3000000E+00  0.3578813E+00
   03  0.3078750E+00  0.3496579E+00
   03  0.3157500E+00  0.3418110E+00
   03  0.3236250E+00  0.3343154E+00
   03  0.3315000E+00  0.3271477E+00
   03  0.3393750E+00  0.3202869E+00
   03  0.3472500E+00  0.3137136E+00
   03  0.3551250E+00  0.3074100E+00
   02  0.3630000E+00  0.3013292E+00
   02  0.3815000E+00  0.2892271E+00
   02  0.4000000E+00  0.2781403E+00
   02  0.4315000E+00  0.2607754E+00
   02  0.4630000E+00  0.2456466E+00
   02  0.4815000E+00  0.2378265E+00
   02  0.5000000E+00  0.2305275E+00
   02  0.5315000E+00  0.2188980E+00
   02  0.5630000E+00  0.2084828E+00
   02  0.5815000E+00  0.2029686E+00
   02  0.6000000E+00  0.1977593E+00
   02  0.6315000E+00  0.1893655E+00
   01  0.6630000E+00  0.1815636E+00
   01  0.7000000E+00  0.1746294E+00
   01  0.7630000E+00  0.1638108E+00
   01  0.8000000E+00  0.1583063E+00
   01  0.8630000E+00  0.1496208E+00
   01  0.9000000E+00  0.1451217E+00
   01  0.9630005E+00  0.1379609E+00
