# gauge_id=     0 location=(   0.1000000E+00 ) num_eqn=  1
# Columns: level time q(1 ... num_eqn)
   01  0.0000000E+00  0.4071182E-03
   01  0.1000000E-02  0.3889888E-03
   01  0.1600000E-01  0.1290060E-03
   01  0.3100000E-01  0.4062793E-04
   01  0.4600000E-01  0.1219280E-04
   01  0.6100000E-01  0.3498474E-05
   01  0.7600000E-01  0.9625992E-06
   01  0.9100000E-01  0.2532518E-06
   01  0.1000000E+00  0.1388427E-06
   01  0.1150000E+00  0.3363883E-07
   01  0.1300000E+00  0.7573200E-08
   01  0.1450000E+00  0.1585795E-08
   01  0.1600000E+00  0.3107212E-09
   01  0.1750000E+00  0.5740971E-10
   01  0.1900000E+00  0.1007792E-10
   01  0.2000000E+00  0.4487474E-11
   01  0.2150000E+00  0.7463475E-12
   01  0.2300000E+00  0.1196026E-12
   01  0.2450000E+00  0.1855311E-13
   01  0.2600000E+00  0.2796862E-14
   01  0.2750000E+00  0.4110956E-15
   01  0.2900000E+00  0.5911702E-16
   01  0.3000000E+00  0.2567953E-16
   01  0.3150000E+00  0.1047555E-16
   01  0.3300000E+00  0.9944597E-16
   01  0.3450000E+00  0.1274194E-14
   01  0.3600000E+00  0.1480929E-13
   01  0.3750000E+00  0.1554833E-12
   01  0.3900000E+00  0.1475555E-11
   01  0.4000000E+00  0.8936372E-11
   01  0.4150000E+00  0.6984721E-10
   01  0.4300000E+00  0.4948953E-09
   01  0.4450000E+00  0.3181794E-08
   01  0.4600000E+00  0.1858132E-07
   01  0.4750000E+00  0.9867626E-07
   01  0.4900000E+00  0.4770920E-06
   01  0.5000000E+00  0.1560913E-05
   01  0.5150000E+00  0.6341448E-05
   01  0.5300000E+00  0.2356750E-04
   01  0.5450000E+00  0.8001278E-04
   01  0.5600000E+00  0.2480944E-03
   01  0.5750000E+00  0.7016662E-03
   01  0.5900000E+00  0.1790836E-02
   01  0.6000000E+00  0.3338516E-02
   01  0.6150000E+00  0.7031881E-02
   01  0.6300000E+00  0.1352243E-01
   02  0.6450000E+00  0.2368378E-01
   02  0.6525000E+00  0.3047875E-01
   02  0.6600000E+00  0.4111274E-01
   02  0.6675000E+00  0.5437436E-01
   02  0.6750000E+00  0.7100359E-01
   02  0.6825000E+00  0.9813509E-01
   02  0.6900000E+00  0.1316272E+00
   02  0.6950000E+00  0.1582412E+00
   02  0.7000000E+00  0.1877592E+00
   02  0.7075000E+00  0.2363611E+00
   02  0.7150000E+00  0.2912331E+00
   02  0.7225000E+00  0.3517566E+00
   02  0.7300000E+00  0.4168429E+00
   02  0.7375000E+00  0.4849224E+00
   02  0.7450000E+00  0.5539867E+00
   02  0.7525000E+00  0.6216775E+00
   02  0.7600000E+00  0.6854200E+00
   02  0.7675000E+00  0.7425891E+00
   02  0.7750000E+00  0.7906938E+00
   02  0.7825000E+00  0.8275622E+00
   02  0.7900000E+00  0.8515071E+00
   02  0.7950000E+00  0.8581401E+00
   02  0.8000000E+00  0.8583852E+00
   02  0.8075000E+00  0.8493220E+00
   02  0.8150000E+00  0.8266404E+00
   02  0.8225000E+00  0.7915446E+00
   02  0.8300000E+00  0.7457769E+00
   02  0.8375000E+00  0.6914765E+00
   02  0.8450000E+00  0.6310170E+00
   02  0.8525000E+00  0.5668394E+00
   02  0.8600000E+00  0.5012969E+00
   02  0.8675000E+00  0.4365237E+00
   02  0.8750000E+00  0.3743382E+00
   02  0.8825000E+00  0.3161826E+00
   02  0.8900000E+00  0.2630999E+00
   02  0.8950000E+00  0.2315294E+00
   02  0.9000000E+00  0.2026371E+00
   02  0.9075000E+00  0.1633127E+00
   02  0.9150000E+00  0.1299023E+00
   02  0.9225000E+00  0.1021127E+00
   02  0.9300000E+00  0.7947051E-01
   02  0.9375000E+00  0.6131424E-01
   02  0.9450000E+00  0.4671988E-01
   02  0.9525000E+00  0.3487517E-01
   01  0.9600000E+00  0.2554708E-01
   01  0.9750000E+00  0.1030700E-01
   01  0.9900000E+00  0.3660011E-02
