# gauge_id=     1 location=(   0.5000000E+00 ) num_eqn=  1
# Columns: level time q(1 ... num_eqn)
   01  0.0000000E+00  0.4071182E-03
   01  0.1000000E-02  0.4676473E-03
   01  0.1600000E-01  0.1483124E-02
   01  0.3100000E-01  0.4167630E-02
   02  0.4600000E-01  0.1035845E-01
   02  0.5350000E-01  0.1531297E-01
   02  0.6100000E-01  0.2387109E-01
   02  0.6850000E-01  0.3473455E-01
   02  0.7600000E-01  0.4846527E-01
   02  0.8350000E-01  0.7097358E-01
   02  0.9100000E-01  0.9947764E-01
   02  0.9550000E-01  0.1211021E+00
   02  0.1000000E+00  0.1458421E+00
   02  0.1075000E+00  0.1924906E+00
   02  0.1150000E+00  0.2483265E+00
   02  0.1225000E+00  0.3132300E+00
   02  0.1300000E+00  0.3863720E+00
   02  0.1375000E+00  0.4661378E+00
   02  0.1450000E+00  0.5501147E+00
   02  0.1525000E+00  0.6351654E+00
   02  0.1600000E+00  0.7175970E+00
   02  0.1675000E+00  0.7934159E+00
   02  0.1750000E+00  0.8586476E+00
   02  0.1825000E+00  0.9096848E+00
   02  0.1900000E+00  0.9436217E+00
   02  0.1950000E+00  0.9535607E+00
   02  0.2000000E+00  0.9547010E+00
   02  0.2075000E+00  0.9434155E+00
   02  0.2150000E+00  0.9134552E+00
   02  0.2225000E+00  0.8667446E+00
   02  0.2300000E+00  0.8060951E+00
   02  0.2375000E+00  0.7349285E+00
   02  0.2450000E+00  0.6569622E+00
   02  0.2525000E+00  0.5758982E+00
   02  0.2600000E+00  0.4951481E+00
   02  0.2675000E+00  0.4176216E+00
   02  0.2750000E+00  0.3455926E+00
   02  0.2825000E+00  0.2806434E+00
   02  0.2900000E+00  0.2236814E+00
   02  0.2950000E+00  0.1912346E+00
   02  0.3000000E+00  0.1623904E+00
   02  0.3075000E+00  0.1242875E+00
   02  0.3150000E+00  0.9348364E-01
   02  0.3225000E+00  0.6921976E-01
   02  0.3300000E+00  0.5065373E-01
   02  0.3375000E+00  0.3679940E-01
   02  0.3450000E+00  0.2649223E-01
   02  0.3525000E+00  0.1869123E-01
   01  0.3600000E+00  0.1279623E-01
   01  0.3750000E+00  0.4071364E-02
   01  0.3900000E+00  0.1071430E-02
   01  0.4000000E+00  0.8041824E-03
   01  0.4150000E+00  0.4668113E-03
   01  0.4300000E+00  0.2449854E-03
   01  0.4450000E+00  0.1203894E-03
   01  0.4600000E+00  0.5567841E-04
   01  0.4750000E+00  0.2429392E-04
   01  0.4900000E+00  0.1002880E-04
   01  0.5000000E+00  0.5963128E-05
   01  0.5150000E+00  0.2288545E-05
   01  0.5300000E+00  0.8386476E-06
   01  0.5450000E+00  0.2944535E-06
   01  0.5600000E+00  0.9936343E-07
   01  0.5750000E+00  0.3231502E-07
   01  0.5900000E+00  0.1015264E-07
   01  0.6000000E+00  0.5442627E-08
   01  0.6150000E+00  0.1636207E-08
   01  0.6300000E+00  0.4773147E-09
   01  0.6450000E+00  0.1352997E-09
   01  0.6600000E+00  0.3731027E-10
   01  0.6750000E+00  0.1001983E-10
   01  0.6900000E+00  0.2623134E-11
   01  0.7000000E+00  0.1321378E-11
   01  0.7150000E+00  0.3384399E-12
   01  0.7300000E+00  0.1193459E-12
   01  0.7450000E+00  0.3479563E-12
   01  0.7600000E+00  0.2684436E-11
   01  0.7750000E+00  0.1993167E-10
   01  0.7900000E+00  0.1350737E-09
   01  0.8000000E+00  0.6018228E-09
   01  0.8150000E+00  0.3423775E-08
   01  0.8300000E+00  0.1782893E-07
   01  0.8450000E+00  0.8510986E-07
   01  0.8600000E+00  0.3730330E-06
   01  0.8750000E+00  0.1503594E-05
   01  0.8900000E+00  0.5577340E-05
   01  0.9000000E+00  0.1455517E-04
   01  0.9150000E+00  0.4625467E-04
   01  0.9300000E+00  0.1351371E-03
   01  0.9450000E+00  0.3619324E-03
   01  0.9600000E+00  0.8869496E-03
   01  0.9750000E+00  0.1992053E-02
   01  0.9900000E+00  0.4117376E-02
